Date     NoDur  Durbl  Manuf  Enrgy  HiTec  Telcm  Shops  Hlth   Utils  Other
192607   1.31  15.07   4.39  -1.30   2.84   0.83  -0.13   1.11   6.89   1.88
192608   3.70   3.09   2.46   3.13   2.37   2.17  -0.95   3.59  -2.07   4.00
192609   0.43   4.48   0.56  -3.86  -1.17   0.89   0.02   0.52   1.65  -0.15
192610  -1.47  -8.47  -3.92  -0.90  -4.64  -0.11  -2.54  -1.20  -2.88  -3.11
192611   4.92  -2.37   3.71  -0.62   4.46   1.63   5.90   4.78   3.31   1.65
192612   0.04   9.56   2.72   2.21  -0.83   0.51   0.43  -0.68  -0.67   2.52
192701  -0.90  -1.17  -0.37   1.08  -1.20   1.88  -2.79   4.43  -1.99   1.19
192702   3.01   8.02   5.48   0.98   4.20   3.97   3.11   1.08   4.13   4.68
192703   1.86   1.34   0.79  -6.52   0.64   4.16  -0.58   0.81  -0.06   0.75
192704   3.20   2.93   0.49  -5.39   5.40  -2.13   3.82   2.16   1.46   0.73
192705   7.89   4.57   4.93   4.31   7.02   3.35   2.23   3.48   8.83   5.97
192706  -2.46  -3.25  -3.66  -3.64   2.46  -3.47  -0.79   0.23  -3.96  -2.72
192707   4.64  12.82  11.79   2.71  12.16   3.73   9.59   9.30   4.97   5.71
192708   2.53   6.29   2.49  -0.64   5.42   0.43   6.93  -0.28   3.09  -1.41
192709   4.59   5.45   4.27   2.95   0.60   5.21   7.34   5.46   7.93   4.05
192710  -0.98  -4.53  -6.92  -2.31  -7.27  -2.09  -5.16   4.30  -4.60  -3.96
192711   6.57   4.41  10.24   3.74  10.51   2.83  11.28   3.12   5.99   4.14
192712   1.52   7.54   2.58  -0.10   0.59   0.09  -0.83  -0.77   1.95   1.28
192801   0.42  -3.49  -0.81  -2.02  -0.42   0.29  -1.07   2.25   5.58  -1.25
192802  -4.47   0.56  -2.24  -0.75  -0.72  -0.30  -1.52  -1.58  -0.97  -2.35
192803   3.72  27.30   7.65   5.03  18.83   0.71   8.29   9.90   6.35   5.61
192804  -0.60   1.35   1.28  15.01   2.21   3.22  -0.40   2.14  10.64   3.99
192805   0.66   4.44   3.24  -5.73   2.08   6.61   3.67   8.55   1.25  -0.30
192806  -5.06  -4.25  -5.53  -4.32  -5.80  -6.41  -3.53  -3.57  -3.65  -4.92
192807   1.55   0.75   1.76   0.94   0.63  -1.28   5.25   2.25  -1.55  -0.61
192808   5.79   8.53   8.19   1.92   9.54   4.55  13.23  13.84   6.12   4.30
192809   0.67   7.70   3.86   5.07   0.15  -1.09   0.05  -1.36   3.61   0.64
192810   0.72  -0.04   4.13   1.93   1.80   2.96   5.74  -0.07  -2.16  -0.64
192811   6.37   3.30  12.49  16.57  19.37   6.68  15.00   4.40  21.64   9.58
192812  -1.22  -1.42   2.66  -4.50   6.48  -1.52  -1.42  -0.62   1.37  -0.17
192901   3.18   1.19  10.81  -7.73  10.46  13.37  -4.02   3.30  12.93   5.37
192902  -3.07  -0.63   3.21  -0.54  -0.90  -1.15  -2.69  -0.58  -2.19  -0.27
192903  -5.14  -2.04  -2.31  10.41   4.11   3.26  -5.27  -1.75  -3.36  -2.62
192904   1.63  -1.10   2.15   0.63   1.78   3.39   3.42   1.36   4.88   0.33
192905  -4.22 -15.98 -10.24  -6.02   0.20  -8.77  -8.79  -8.47   4.58  -0.50
192906   4.83   6.88  13.22   0.84  16.65  12.62   9.29   4.24  23.32   5.31
192907   2.99  -3.17   3.84   0.01   9.24  13.68   0.79   2.48   9.00   6.37
192908   4.49   2.34   9.12  10.90  12.44  10.98   7.53   2.50   8.66   7.49
192909  -4.07  -8.56  -7.44  -3.18  -7.77  -2.13  -5.51  -7.38   1.22  -6.79
192910 -10.87 -29.13 -19.87 -10.22 -27.86 -15.39 -24.18 -18.15 -30.13 -12.11
192911  -8.81 -18.66 -14.68  -6.91 -19.38  -9.47 -13.06  -8.66 -14.95  -9.87
192912  -0.02   4.44   1.00  -1.48  10.14   0.00  -6.14   0.43   7.62  -1.30
193001   5.40   5.73   6.52  -0.97  10.61   1.19   4.45   2.36   7.07   4.52
193002   1.80   1.34   1.81  -5.03   7.60   7.06  -5.56   2.46   8.17   2.98
193003   1.48  10.93   6.44  17.65   7.62   7.86  -2.68   5.44   9.62   4.44
193004   0.31  -7.98  -7.73   6.25   1.97  -4.52   2.11  -1.33   3.19  -6.58
193005   1.07   3.08  -2.08  -4.18  -4.51   0.40  -0.39  -2.25  -1.65  -1.39
193006 -11.59 -22.66 -16.82 -15.74 -20.22  -9.33 -16.47 -13.94 -19.16 -12.33
193007   2.86  11.95   4.37   5.00   4.07   1.27   2.44   6.45   3.81   3.09
193008   1.53  -3.15  -0.41  -3.75   2.06   1.65   4.44   6.80   0.84  -0.85
193009  -9.58 -17.05 -14.10 -15.74 -18.77  -6.24 -11.20  -9.19 -12.10 -11.07
193010  -5.23 -11.76 -10.33  -8.66 -17.35  -4.12  -8.87  -4.44  -8.45  -8.78
193011  -0.20   3.68  -0.69  -4.26  -3.47  -3.27   2.21  -4.21  -9.15  -5.49
193012  -5.34  -1.52  -8.89 -12.62 -11.58  -5.02 -13.82  -7.38  -3.98  -9.81
193101   5.06   7.84   3.05   5.07   5.15   4.79   6.85   8.16   5.33  11.49
193102   6.28  15.88  12.37   5.02  22.32   5.95  14.30   6.79  14.82   5.07
193103  -2.40  -3.97  -7.19 -14.54  -8.50  -4.74  -3.60   1.26  -3.15  -9.93
193104  -5.54  -8.01 -14.49 -13.66 -13.12  -4.25  -5.40  -3.69  -9.24 -10.11
193105 -11.43 -17.54 -16.71 -13.49 -12.97  -8.94  -3.46 -11.24 -11.57 -18.01
193106   9.98  14.50  16.65  17.25  17.63   8.82   7.42   9.07  10.71  15.34
193107  -4.09  -2.26 -10.60  -3.75 -10.47  -4.88  -1.79   2.55  -5.59 -10.43
193108  -1.01  -4.32  -0.56   8.43   3.65   0.82   2.57  -0.61  -2.18  -4.19
193109 -25.49 -34.96 -30.26 -30.04 -34.35 -22.89 -30.58 -29.99 -33.34 -26.99
193110   6.53  12.80   5.75  13.87  10.61   4.34  13.58  11.18  10.16   1.43
193111  -4.79  -5.68  -8.77  -9.73 -14.23  -6.86 -11.18  -4.09  -5.34 -19.69
193112 -10.58  -8.97 -16.10 -19.18 -14.85  -9.69 -15.65  -4.80 -13.66 -17.57
193201   1.72  -7.04  -0.95  -4.96 -11.54  -4.04   0.36  -2.74  -2.72   6.44
193202   4.58   0.32   5.35   7.32   6.19  11.63   3.48   0.59   6.14  -0.66
193203  -7.05 -22.33 -14.78  -1.33 -15.48 -11.69  -9.81  -7.16 -10.04 -16.67
193204 -11.69 -29.90 -23.40 -14.06 -24.23 -12.40 -16.62 -19.86 -15.72 -22.43
193205 -21.83 -20.20 -18.71  -7.15 -28.75 -10.81 -29.49 -36.03 -27.72 -30.56
193206  -0.42  -8.17  -3.10   5.62   5.61 -12.09  -1.47   9.54   0.66  -3.60
193207  24.29  44.82  41.13  35.04  44.20  16.70  26.81  29.02  29.09  55.70
193208  22.18  43.78  46.04  18.21  45.51  28.17  32.10  33.71  42.55  58.48
193209  -1.86   8.33  -2.70 -10.31  -6.11  -1.69   2.52 -12.39  -5.02  -4.69
193210 -11.67 -24.81 -16.19  -3.85 -19.04  -8.13 -12.80 -18.66 -10.97 -18.03
193211  -7.59  -3.99 -10.57  -5.59  -8.30  -1.12  -6.45   3.26  -4.36  -7.23
193212   2.53   4.29   2.91  -0.13   4.66   1.51   4.43   6.25   8.67   4.09
193301   4.35   0.37   3.00  -3.11   0.88   0.30  -2.53  -1.25  -4.53   8.49
193302  -9.67 -25.73 -17.61 -14.73 -20.15  -7.77 -18.78 -12.42 -20.61 -16.93
193303   9.18   9.14  10.75   4.23   5.53  -8.13   7.99  -3.78 -13.27   3.12
193304  33.98  79.79  56.77  38.91  53.36  13.22  41.64  37.02  25.14  30.68
193305  12.29  25.19  25.86  17.06  19.78  17.37  17.00  22.13  18.47  31.29
193306   9.62  20.72  12.23  12.40  10.39   8.63  15.97  10.03  15.23  14.05
193307  -6.73  -7.09 -11.57 -12.09 -11.10  -4.37 -13.54 -19.17 -13.71  -6.69
193308   9.50  20.02  16.18  18.93  12.89   4.53   6.68  -1.62  -1.93  14.49
193309  -8.17 -15.35 -10.24  -2.77 -17.53  -5.29  -9.09  -1.71 -20.08 -16.73
193310  -9.30 -10.10  -8.35  -4.90  -9.77  -7.19  -7.92  -6.09  -7.66 -10.88
193311   4.85  23.85  12.38  13.86  12.82   5.63  13.88   7.95  -3.56   5.05
193312  -4.16  10.41   4.45  -1.37   1.02  -5.60   4.20 -12.05   0.85   4.28
193401   9.72  13.13  10.84   8.66  16.08   5.96  17.02  16.70  20.35  18.37
193402  -5.38  -2.56  -3.28  -3.76  -6.34   2.12   2.59  -4.90  -2.67  -2.35
193403   0.28  -0.33  -1.40  -1.60   2.66  -0.54   2.10  -0.96  -2.02   0.58
193404   2.95  -6.90  -2.97  -2.07  -2.33  -1.25  -1.60   7.93  -3.90  -1.75
193405  -3.34 -13.41 -10.29  -5.15  -6.65  -4.30  -7.98  -1.66  -8.65  -7.52
193406   3.01  -2.78   4.07   1.19   2.19  -0.61   2.10   1.73   4.01   2.66
193407  -5.26 -13.91 -11.83  -9.78 -11.89  -4.35  -8.43  -1.95 -17.38 -17.77
193408   3.71   8.80   7.13   5.58   6.54   2.56   4.24  -4.22   0.86   4.14
193409  -0.39   0.64  -1.31  -2.55  -0.95   0.04   2.21   0.47   1.32  -0.69
193410   0.35  -2.19  -0.73  -4.75  -0.93  -1.69   1.58  -0.77  -7.78  -2.29
193411   8.14  16.88  12.28   6.26  13.34  -1.73   9.13   2.84  -1.50   5.34
193412  -1.82   3.50   1.95   0.56   2.93  -2.64  -1.65   0.30  -9.05  -0.73
193501  -1.65  -9.12  -2.68  -4.46   0.85  -0.46  -5.34  -0.92  -3.37  -6.94
193502   1.11  -3.85  -1.99  -4.09   0.18   1.04  -1.07   3.05 -13.29  -5.26
193503  -5.28  -5.92  -5.03  -3.90  -4.69  -2.82  -4.88  -3.45  11.82  -5.89
193504   5.49   5.63   8.69  15.41  10.24   9.13   6.36   3.12  10.95   8.65
193505   0.70   2.22   1.62   2.94   2.59   8.38   2.08  -5.20  12.75   3.56
193506   4.85   9.74   6.28   1.39   7.72   3.53   5.92   3.76   8.75   5.75
193507   2.94  18.99  10.53   0.06   9.53   5.74   7.43   3.13   9.10   7.00
193508  -1.86   7.59   2.95  -2.25   3.17   4.07   2.70  -0.87   6.46   3.21
193509   1.00  11.03   4.01  -3.52   7.18   2.68  -0.87   0.88  -2.33   0.16
193510   4.29  13.53   5.65  13.34   8.64   3.11   1.15   5.91  13.89   2.31
193511   0.78   2.10   4.18   2.12   5.75   9.72   2.24   0.64   0.21  12.77
193512   1.43   5.69   3.40  13.94   2.99  -1.60  -1.54   2.14   5.30   3.88
193601   3.05   3.80   5.39  13.95   6.49   4.16  -2.89   3.40  12.44  11.59
193602   0.20   3.03   5.36   0.98   0.22   6.57   0.44   2.42  -7.10   2.51
193603  -2.62  10.11   2.21   1.64  -0.53  -4.55   0.76   3.33   0.40  -3.23
193604  -4.65 -10.18  -9.11 -10.41  -8.73  -5.74  -5.34  -9.24  -8.56  -7.49
193605   4.65   2.47   5.87  -1.22   5.18   6.46   6.13   3.73   8.98   7.15
193606   1.69   6.75   1.05   1.67   0.78   1.11   4.90   1.09   3.30   1.40
193607   2.73   4.84   7.49   4.64  11.91   2.44   6.07   4.63  11.50   9.31
193608   0.50  -1.91   1.37  -1.14   2.33   1.76   2.00  -2.02  -1.62   1.63
193609  -1.27   3.16   1.73   1.29  -1.71  -0.94   2.49   0.26  -2.26   0.57
193610   3.16   4.99   7.55  12.26   5.51   5.08  11.10   3.74   5.54   8.00
193611   3.58  -3.40   4.77   0.13   4.66   3.87  10.07   2.72  -3.58  -0.19
193612  -2.29  -7.54   1.44   9.15   2.22  -1.60  -9.77  -3.79  -1.99  -1.87
193701   2.18   7.25   4.44   2.33   8.61  -0.85  -0.29   3.44   2.48   0.76
193702   0.47  -0.92   2.48   1.07  -1.44  -3.06   2.55  -4.25  -4.78   4.56
193703  -1.54  -4.26   1.08   3.37  -5.01  -3.35  -3.06  -5.55  -6.58   2.37
193704  -6.58  -7.94  -9.32  -5.38  -7.65  -5.25  -7.57  -3.35  -7.70  -6.89
193705  -0.86  -3.32   0.63  -1.09   0.68   1.53  -4.88   0.70  -5.97  -3.61
193706  -3.84 -10.90  -3.99  -2.78  -2.10   0.03  -1.95  -4.69  -5.65  -9.47
193707   4.88  13.17   9.04   8.19   9.50   3.27  10.15   4.09  19.16   8.43
193708  -2.92  -3.80  -4.77  -6.99  -4.93  -2.54  -4.78   0.54 -10.84  -8.59
193709  -9.79 -12.85 -17.90 -13.33 -14.75  -3.43 -14.46 -11.35 -12.09 -16.34
193710  -7.27 -12.97 -14.09  -7.07  -7.34  -5.36  -7.21  -3.61  -5.25 -10.25
193711  -6.80 -18.13 -10.39 -13.11  -6.02  -3.59 -15.19  -6.07   1.94  -8.21
193712  -3.22 -16.69  -3.27  -1.71  -2.84  -3.05  -8.01  -3.26 -11.38  -8.20
193801   2.59  11.03  -1.37   0.39  -2.52  -2.44   5.49   3.45  -5.95   0.17
193802   2.89   2.92   8.39   8.93   4.20  -2.32   8.72   7.92   2.65   4.59
193803 -16.29 -27.37 -26.03 -25.36 -28.41 -19.04 -22.58 -15.09 -20.08 -30.46
193804  11.81  14.84  13.72  15.77  16.73  13.47  15.57  11.76  14.53  14.45
193805  -0.73  -7.62  -7.12  -6.78  -3.09   0.83  -4.39   1.05   1.21  -4.33
193806  12.73  35.97  32.56  21.66  26.68  10.69  23.69   9.41  16.31  23.98
193807   6.26  19.89   6.67   7.23   5.78   1.28   8.92   5.75   0.37   9.80
193808  -4.46   5.55  -2.11  -9.20  -1.26   0.27  -3.07  -0.22  -6.31  -4.02
193809   0.04   0.66   1.44   0.67   1.12  -0.68  -0.19  -0.59   0.83  -1.78
193810   4.88   6.47  10.44  -1.67  10.05   3.56   7.89   5.58  20.72  10.90
193811  -2.99  -2.40  -1.87  -0.76  -4.52   0.63  -1.10   0.89  -7.79  -2.48
193812   1.99   1.98   5.33   4.54   2.56   1.07   0.53   0.31   3.65   5.31
193901  -2.18  -8.34  -9.42  -6.40  -7.52   1.81  -3.29  -1.00   0.83  -8.81
193902   2.04   5.75   2.75  -1.65   2.68   3.51   5.57   3.18   8.08   4.44
193903  -6.17 -17.68 -15.81  -8.48 -15.52  -3.60  -9.90  -4.87 -13.96 -15.53
193904   0.28   0.72  -1.45  -1.20  -2.76   2.75  -0.55   0.96   2.68  -1.89
193905   5.00   6.31   7.30   1.86   8.19   5.55  11.02   4.94   5.87   7.71
193906  -2.46  -6.85  -6.68  -6.29  -8.60  -5.13  -3.03   0.56  -3.97  -8.42
193907   5.91  17.55  12.75   2.81  14.01   6.51   8.54   3.04  12.37  11.39
193908  -7.79  -8.29  -7.11  -4.43  -8.28  -4.21  -7.99  -5.94  -6.67 -10.26
193909   4.29  23.63  26.72  25.35  11.59   0.99   1.33   6.52   3.24  24.93
193910   2.93  -1.43  -2.68  -4.05  -0.89   3.05   5.66   0.18   1.79  -1.64
193911  -1.32  -4.60  -6.85  -7.03  -3.54   0.95  -3.36   0.72  -2.16  -5.92
193912   2.58   3.45   3.43  -0.39   3.05   1.54   2.13   3.02   2.39   0.96
194001   1.43  -3.84  -4.76  -2.30  -4.20  -0.12  -1.19  -1.82  -0.42  -2.81
194002   0.48   0.83   2.29   0.33  -0.72   1.02   1.84   0.99  -1.90   0.48
194003   1.24   3.70   1.29   1.67   2.30  -0.12   2.69   1.39   1.40   2.09
194004   1.45  -0.55   0.53   0.05  -1.53   0.33  -0.50  -0.35  -1.80  -0.82
194005 -21.33 -27.57 -22.69 -25.53 -20.91 -14.16 -24.84 -21.80 -20.62 -24.63
194006   4.85   8.51   3.80   5.46   2.08   7.23   8.60   4.27  16.86   7.74
194007  -0.43   5.90   4.16   2.94   4.96   1.97   4.20  -0.57  -0.31   3.12
194008   0.88   5.56   1.81   0.64   3.03  -0.38   2.13  -2.91  -1.75   2.40
194009   1.99   3.01   3.82  -2.45   3.40   0.29   2.95   3.99  -2.63   1.82
194010  -1.78   3.92   3.86   6.13   2.34   1.61  -0.07  -3.04   3.35   5.19
194011  -1.91  -2.39  -2.45  -0.29  -4.03   0.54  -3.21  -2.48 -13.80  -1.39
194012  -0.11  -3.61   0.40   1.84  -0.83   0.71  -0.43  -0.95   1.24  -0.99
194101  -0.86  -9.24  -7.22  -2.23  -2.61  -2.10  -3.82  -2.24  -2.80  -1.85
194102  -3.08  -0.25  -2.68  -1.29  -0.51  -2.26  -3.39  -5.40  -1.79  -0.77
194103   0.02  -1.85   0.34   3.52  -0.52   0.39   0.76   1.08  -4.00   1.06
194104  -4.52 -10.59  -5.89   1.28  -8.87  -6.35  -5.65  -5.26 -10.05  -4.49
194105  -1.97  -1.81   2.78   4.26  -0.66   0.38   1.67  -2.32  -5.18  -1.42
194106   5.67   3.66   5.99   5.02   9.77   3.53   4.65   5.97   2.94   3.21
194107   5.14   3.88   6.92  10.78   1.65  -0.39   4.53   7.97   4.74   7.17
194108   0.31   0.23  -1.43  -4.03   0.56   1.04   1.65  -0.57  -2.82  -0.25
194109   1.27   3.93  -3.25  -0.84  -1.66  -1.16   0.03  -0.41  -3.52  -3.26
194110  -7.43  -8.04  -6.78   2.04 -10.19  -2.72  -5.37  -4.21 -10.22  -4.24
194111  -4.06  -6.12  -2.59   1.14  -2.97  -4.10  -5.65  -3.64  -7.40  -3.03
194112  -4.78 -12.21  -0.34 -11.42  -1.04 -10.13 -10.81  -1.96  -8.31  -6.85
194201   2.14   6.23  -2.32  -1.72   0.90  -1.37   0.36  -3.56   3.31   9.32
194202  -6.06   3.77  -3.13  -6.48  -2.67  -0.59  -2.73  -6.16  -3.27  -2.26
194203  -8.96   1.22  -6.04  -8.43  -7.34  -8.68  -7.74  -5.79 -12.99  -9.85
194204  -4.58  -4.38  -4.77  -3.70  -3.71  -7.32  -6.29  -4.97  -4.24  -2.38
194205   8.17   8.60   0.95   5.37   7.61   7.69  11.08  13.81   7.57   2.92
194206   2.90   1.52   3.01   4.19   3.49  -4.17   1.84   2.61   0.81   0.59
194207   2.00   1.96   2.55   5.78   1.75   4.48   4.79   1.15  -1.14   6.10
194208   0.30   1.19   0.54   2.91   0.47   2.46   0.88   1.80   0.13   1.86
194209  -0.62   2.42   2.85   2.16   4.21   0.20   0.06   0.06   4.84   2.60
194210   4.08   5.79   6.48   9.53   6.21   6.19   0.47   3.70  14.47   8.66
194211   1.92  -1.33  -3.48  -0.47   1.81   2.57   5.36   1.02  -1.97  -3.73
194212   3.93   7.91   4.47   7.10   4.95  -1.32   1.86   8.40   3.51   2.82
194301   8.82   5.22   6.85   6.32   9.76   3.78   6.74   2.09  14.14   6.78
194302   3.14   6.63   4.66   7.41   3.19   8.79   2.36   3.16   7.35   9.02
194303   3.91   4.84   5.59   6.85   6.76  -0.90   8.15   4.29   4.03   9.39
194304   0.65   0.51  -1.57   0.89   1.13   4.16   1.58   1.05   3.57   2.09
194305   6.15   5.72   4.78   4.86   6.02   4.55   7.02   4.68   4.05   5.11
194306   1.66   4.72   0.43   1.04   1.84   0.84   5.18   0.30   3.65  -1.75
194307  -2.18  -9.72  -6.94  -3.01  -7.40  -0.18  -3.26  -3.61  -0.88  -5.44
194308   0.59   2.65   0.07   0.58   0.27   0.90   3.15  -0.19   1.50   1.06
194309   1.71   1.56   2.21   1.27   4.57   0.03   1.70   3.80   3.11   1.61
194310  -0.57  -1.14  -0.98  -2.12  -3.46   0.73  -2.50   0.15   0.35  -1.21
194311  -5.29  -6.23  -7.38  -8.06  -6.73  -1.80  -5.48  -4.40  -8.70  -9.35
194312   5.58   7.76   5.12   6.74   7.16   1.72   6.23   3.56   6.84   5.92
194401   3.62   1.01   1.83   0.55   0.62   0.86   0.63  -0.04  -0.72   4.20
194402  -0.95   2.52  -0.96  -0.37  -2.39   0.86   0.45  -3.12   1.19   1.76
194403   2.38   4.63   1.85   1.73   3.16  -0.63   1.87   2.24   1.19   2.05
194404  -2.25  -1.20  -2.17  -1.45  -1.95  -0.57  -1.27  -2.69  -1.29  -2.49
194405   4.87   6.83   4.95   3.94   3.33   2.81   4.66   5.18   1.64   3.69
194406   5.25   9.19   6.60   0.38   6.83   1.87   5.45   3.68   4.40   4.95
194407  -0.65  -4.94  -2.06  -1.39  -1.86  -0.37  -0.20  -1.56  -0.16  -1.02
194408   2.19   3.04   1.48  -2.54   1.74   0.65   2.58   0.27   3.05   0.07
194409  -0.62   0.50   0.22  -1.50  -1.19  -1.05   1.45   0.26  -1.82  -0.39
194410  -0.33  -2.75  -0.44   1.76   0.80   0.75   0.35   0.70   0.79   0.54
194411   0.61   1.16  -0.08   0.98   1.22   0.65   1.92  -0.15  -0.85   2.98
194412   1.67   3.82   3.61   4.87   3.91  -0.60   1.58   1.54   2.64   7.59
194501   2.29   1.36   2.71   4.84   0.66  -2.11  -0.04   0.27   5.29   0.41
194502   3.58   6.72   6.44   6.91   6.39   2.83   4.01   3.78   5.82   7.49
194503  -3.39  -6.15  -5.13  -5.44  -4.37  -1.43  -1.69  -2.02  -3.66  -3.91
194504   6.82  11.13   8.30   6.81   8.03   2.51   6.93   6.04   9.65   8.74
194505   1.94  -0.03   0.19  -1.68   1.59   3.74   5.88   3.67   1.37   2.19
194506   0.54  -1.64  -0.43  -0.69  -2.45   1.36  -3.46  -4.83   4.91   4.04
194507  -1.69  -1.00  -3.08  -3.42  -1.74   2.18  -0.22  -1.88  -0.61  -5.65
194508   7.38   8.59   8.25   1.72   9.53   1.72   7.74   8.72   0.56   2.21
194509   5.96   2.65   5.89   1.81   2.90   0.70   5.34   6.37   6.33   5.76
194510   6.53   0.19   2.18   6.23   0.75   2.36   5.86   6.32   5.78   5.64
194511   3.18   1.82   4.07   7.15   2.47   3.35   6.28   8.01   4.32   8.16
194512   1.00   2.43   1.21  -0.44   1.94  -0.64   3.09   1.39  -1.20  -0.30
194601   4.59   6.67   7.91  -0.16   6.42   1.91  10.81   7.56  10.57   7.21
194602  -5.11  -9.60  -6.50  -5.07  -7.51  -2.84  -4.58  -4.66  -6.02  -6.37
194603   6.08   0.90   5.44  10.93   1.67   0.04  11.17  14.41   5.89   4.08
194604   3.29   1.41   4.24   8.70   1.66   1.59   6.94  14.50   4.04   1.65
194605   3.02   4.59   4.57   2.93   4.97   2.81   1.58   5.23   2.60   2.96
194606  -3.84  -5.98  -3.83  -3.28  -5.70  -0.79  -7.90  -5.64  -3.01  -3.64
194607  -1.02  -4.76  -3.37  -0.22  -3.35  -0.08  -3.20  -3.42  -3.85  -5.17
194608  -5.58 -10.90  -7.18  -6.04  -7.06  -7.02  -5.24  -3.69  -5.73  -7.09
194609 -10.98 -14.96 -10.68  -8.21 -10.29  -5.91  -7.20  -7.23  -9.18 -14.81
194610   0.02  -3.32  -2.06  -0.80  -2.88  -5.13  -2.42  -0.48   0.98  -0.58
194611  -1.92  -1.97   0.84  -0.31  -2.39   1.75  -6.02   0.85   0.30  -0.62
194612   3.09   5.97   6.02   3.88   3.83   2.48   3.08   6.86   5.85   1.90
194701  -0.12  10.87   0.77  -0.74   5.35   1.03   0.37  -5.52  -0.42   0.27
194702  -0.74   0.54  -1.29  -3.20  -2.29  -2.07  -1.02  -4.59  -1.33  -1.72
194703  -2.66  -2.81  -1.91   2.17  -2.89  -3.40  -2.58  -1.56  -3.03  -3.92
194704  -7.07  -4.09  -5.90  -0.60  -5.29  -0.22  -8.26  -8.83  -4.25  -6.35
194705  -0.96  -3.27  -2.77   1.30  -0.54  -1.12  -0.85  -3.19  -3.00  -2.76
194706   6.03   5.76   5.30   7.58   3.20  -4.46   9.44   3.87   3.73   2.49
194707   4.30   5.17   3.69   3.67   6.24   0.81   4.36   2.34   2.02   5.84
194708  -1.91  -1.81  -1.64  -2.81  -4.42   0.34  -4.10  -4.30  -0.16  -3.64
194709  -0.12   0.04   0.20  -2.88   0.41  -0.49  -3.22  -2.91  -1.70  -1.53
194710   0.97   2.88   3.07   5.11   1.66   0.21   2.83   0.96  -0.35   0.80
194711  -2.51  -3.86  -2.26  -1.90  -0.98  -2.60  -3.47  -3.66  -8.12  -3.03
194712  -0.01   1.86   1.76   8.83   1.45  -0.95  -0.48   2.67   0.76   2.90
194801  -3.11  -5.36  -4.19  -7.54  -5.57   0.10  -3.56  -8.56  -0.63  -1.10
194802  -6.66  -6.57  -6.04  -3.57  -4.20  -1.09  -4.53  -4.07  -3.90  -4.56
194803   4.71   6.98   9.17   9.65  10.35   0.48   6.19   5.94   6.01   9.10
194804   0.96   1.13   2.37  10.78  -0.67   2.65   4.73   1.89   1.12   3.16
194805   4.51  13.24   7.19   5.51  12.51   2.46   8.13   6.27   5.28   6.05
194806  -2.49   0.14  -1.48   3.14  -2.10  -0.96  -1.70  -2.52   2.10  -1.48
194807  -2.06  -4.39  -5.13  -7.28  -6.65  -1.65  -7.93  -4.49  -4.62  -5.09
194808  -0.57  -0.26  -0.38  -2.73   2.81   0.03   1.92  -2.42  -0.32   1.03
194809  -4.57  -4.14  -3.22  -4.66  -3.95  -1.67  -1.37  -3.44  -1.37  -4.05
194810   3.12   7.91   6.54   8.75   6.77   1.11   3.91   4.92   3.55   4.58
194811  -7.06 -14.13 -11.55 -12.95  -9.62  -2.08  -7.16  -6.71  -9.55 -11.39
194812   0.01   2.84   3.17   4.12   5.02  -0.39   0.72   3.99   2.18   1.59
194901   3.15   2.42   0.17  -3.97  -1.39  -1.26   0.87   4.31   4.31   0.08
194902  -2.57  -5.42  -4.35  -4.89  -4.43  -0.31  -3.12  -1.49   0.27  -3.78
194903   2.54   3.13   3.07   5.70   4.96  -0.15   3.95   5.12   3.10   3.82
194904  -2.03  -4.26  -3.68   0.63  -3.79  -1.64  -1.96   0.00   0.84  -1.65
194905  -1.01  -4.72  -4.16  -6.19  -5.54  -2.19  -0.42  -2.41  -1.05  -3.42
194906   0.52   1.05  -0.44  -1.68  -0.84  -0.46   2.40   1.73  -1.55  -2.20
194907   4.57   9.42   5.81   6.11   6.88   2.41   4.90   5.76   4.43   4.03
194908   3.42   0.51   1.18   4.59   0.31   0.95   0.79  -0.33   3.21   0.79
194909   2.27   2.35   3.50   2.97   3.00  -0.32   1.94   1.49   3.45   2.77
194910   1.10   7.31   4.18   3.61   3.69   1.88   0.49   3.15   0.91   2.20
194911   0.96   0.16   1.63  -4.48   3.43   1.65   1.10   3.86   2.79   0.31
194912   4.54   7.72   5.74   0.57   7.67   0.09   4.00   8.33   2.75   6.36
195001   0.92   1.83   1.84  -0.76   4.50   1.86   0.18   0.87   3.28   2.98
195002   0.01   1.75   1.21  -1.54   3.11   0.64   1.59   1.44   2.12   0.51
195003  -1.12   1.68   0.33   4.63   1.71   3.10  -0.55  -3.21  -0.12  -1.39
195004  -0.21  10.53   7.25   3.06   4.61   2.37  -0.63   5.32   0.58   1.36
195005   1.57   4.91   5.13   7.78  -0.05   1.95   2.58   3.46   1.35   0.61
195006  -6.15  -4.23  -6.95  -4.75  -8.68  -5.64  -4.78  -4.49  -8.24  -7.47
195007   0.08  -2.74   2.02   8.71  -2.94  -1.33  -1.16  -7.17  -5.55   7.24
195008   3.32   5.61   5.16   3.21   4.81   2.53   3.65   3.16   2.82   1.64
195009   4.24   8.13   4.13   3.40   4.35  -1.90   8.07   5.82   3.91   5.95
195010  -0.81   0.58   0.32   0.20  -1.54   0.21   0.66  -2.05  -1.15  -1.81
195011  -0.90  -6.60   3.80   3.30   1.41  -0.26  -0.08   3.66  -1.74   2.70
195012   2.27   1.08   6.01   8.47   2.73   0.35   1.92   5.61   3.07  10.04
195101   4.18   9.20   5.94   6.08   7.68   1.88   3.38   2.89   4.62   6.26
195102   0.44   1.00   0.59   0.18   0.62   4.09   2.44   1.09   2.58  -0.89
195103  -3.34   0.99  -3.42  -2.50  -1.70  -2.50  -2.44   1.39  -1.94  -3.68
195104   0.60   3.41   6.70  10.76   3.00   0.85   0.13  10.21  -0.16   3.58
195105  -1.87  -7.00  -2.90  -4.04  -3.10  -0.44  -1.87   1.24  -0.48  -3.94
195106  -4.06  -6.99  -4.14   0.98  -2.38  -1.62  -3.02   0.54  -1.11  -5.65
195107   2.85   3.08   8.31  11.32   5.99   2.80   2.69  14.14   4.96   7.21
195108   2.85   5.11   4.06   4.54   5.50   2.63   2.01  -1.68   1.55   2.84
195109  -0.99   2.52  -0.09  -0.86   2.78  -1.43   2.89  -2.06   0.85   3.17
195110  -3.41  -2.10  -4.34   0.99  -5.89  -1.08  -3.29  -6.13   0.27  -3.81
195111  -0.98   0.26  -0.64  -2.13   1.63   0.30   0.36  -1.06   1.18   1.16
195112   1.39   2.26   4.05   4.59   4.27  -0.42  -0.71   4.74   2.76   1.36
195201   0.30  -1.19  -0.44   6.52  -1.88   0.17  -0.88   0.55   2.59   3.17
195202  -2.74  -1.25  -4.58  -4.31  -3.75  -0.64  -4.30  -4.58   0.25  -2.14
195203   1.16   8.17   2.65   8.62   4.16  -0.18   2.12   0.06   1.75   5.09
195204  -3.52  -3.03  -6.85  -7.72  -3.59  -0.74  -2.06  -5.64  -2.20  -3.53
195205   1.45   2.39   3.54   2.51   2.64   1.01   2.05   2.11   2.56   2.18
195206   2.39   5.08   3.99   5.36   4.89   0.62   2.61  -1.29   0.56   3.54
195207   0.45   2.49   2.05  -1.10   1.50   0.24   1.74  -4.58   1.72   1.00
195208   0.30   0.56  -2.38  -3.69  -0.49   0.87  -0.95  -1.00   1.55  -0.65
195209  -3.38  -0.89  -2.44  -4.38   0.19  -1.77  -1.06  -4.60  -0.15  -1.84
195210  -1.44   1.12  -1.69   0.28  -1.24   0.92  -1.31  -1.52   0.02  -1.90
195211   5.10   5.00   7.56   0.88   8.49   3.90   3.48   6.66   4.78   6.38
195212   0.93   6.87   2.24   4.46   2.03  -0.37   0.62  -2.34   1.33   3.14
195301   1.83  -0.37   0.60  -3.05  -2.13   1.02   0.60  -5.34   0.57   0.84
195302   1.02  -2.55  -1.77  -0.69   0.18  -0.44  -0.77   1.65   0.00  -0.87
195303  -2.15  -4.48  -1.93  -0.64  -1.48  -1.82  -0.85  -0.65  -0.28  -1.94
195304  -0.44  -1.99  -2.86  -5.22  -0.98  -1.04  -1.08  -5.41  -3.53  -3.41
195305  -0.40  -1.49  -0.47   0.74   0.76   0.35   1.00  -0.52  -0.49   0.78
195306  -1.30  -3.43  -2.69  -0.16  -2.75  -0.93  -2.55  -3.80  -3.51  -2.55
195307   2.42   0.68   2.41   3.89   2.18   0.94   1.77   3.56   2.99   1.23
195308  -4.06  -7.87  -5.57  -7.54  -4.83  -0.85  -2.94  -0.41  -0.79  -7.34
195309  -0.42  -0.93   0.80  -2.01   2.35   0.33  -0.27   0.05   1.03  -1.45
195310   0.55   7.71   5.85   5.53   7.04   1.38   0.67   2.46   4.18   3.48
195311  -0.29  -1.16   3.06   0.60   4.10   2.22   2.28   7.21   2.49   1.82
195312  -1.04  -1.34   0.17   0.32  -0.45  -0.88   0.52  -1.92   0.09  -3.09
195401   4.04   5.28   4.45   8.60   6.90   1.89   3.09   5.58   2.98   6.41
195402  -1.05   0.20   0.18   1.79   5.10   2.56  -0.29  -0.66   1.22   0.89
195403   0.94   3.41   4.57   4.20   7.87   0.35   0.07  -0.04   2.44   1.28
195404   0.71   4.07   5.59   6.11   8.84   1.98   1.35   1.01   0.88   2.71
195405   1.84   3.10   3.75   2.05  -0.47   1.22   2.20   1.19   2.30   3.74
195406   0.29   1.12   3.37  -5.94   8.63  -0.78   2.20  -2.90   0.75   1.03
195407   6.18   9.85   5.06   4.19   0.04   4.36   4.04   8.14   5.11   6.66
195408  -3.33  -4.54  -4.42  -0.53  -4.55  -1.56  -0.85  -3.04  -2.12  -2.80
195409   3.33  14.43   6.35   9.93   6.74   1.33   4.60   2.48   1.58   3.94
195410  -2.36  -0.77  -1.24  -2.10  -1.82  -0.85  -2.68  -1.80  -4.13   0.24
195411   5.47   2.46  12.54   7.06  13.06   3.40   7.49  11.72   5.21  10.26
195412   3.80   7.21   6.29   6.40   2.34   0.33   1.61   5.80   3.18   8.76
195501   0.18   0.54  -0.19   0.37   4.13   0.80   1.57  -3.04   1.16   0.75
195502   0.90  -2.02   3.56   1.64   4.90   3.97   0.74   2.41   3.30   3.23
195503  -1.29  -0.01   0.12  -0.32  -2.05  -1.38  -1.72   5.81  -1.16   0.52
195504   3.89   5.67   4.22   0.54   5.38   1.97   1.69  -0.14   2.18   3.31
195505  -0.81  -2.10   2.44  -1.42   0.04   1.25   2.43   2.75  -0.57   1.11
195506   2.20  10.06   9.40  11.14   4.00  -0.46   4.19  -0.16   1.26   1.98
195507   1.84  18.81  -1.47   2.73  -3.06   2.61   1.89   0.00   3.42  -1.88
195508  -1.23  -5.31   2.52  -1.82  -0.11  -2.60   1.08  -0.28  -0.31  -0.11
195509  -2.11   8.73  -0.72  -0.44  -4.66   0.01   3.20  -3.45  -3.03  -2.83
195510  -0.94  -4.87  -3.26  -1.08  -5.47  -1.15  -2.64   0.66  -1.34  -2.93
195511   2.88   7.09   7.05   7.53  10.49   1.57   5.48   5.43   2.91   6.95
195512   0.69  -4.14   2.89   3.66   4.50  -0.32  -1.24   5.93  -0.50  -1.20
195601  -1.75  -6.59  -4.82   0.36  -5.34   1.86  -4.58  -6.68  -0.62  -2.91
195602   0.53   4.60   4.32   3.88   5.82   0.15   2.24   7.75   1.43   2.54
195603   1.26   4.06   7.78  11.38   9.86   0.24   0.14   7.00   3.41   5.34
195604   0.72  -5.20   1.10   3.60  -0.51  -0.88  -1.97   2.60  -2.49   0.36
195605  -3.82  -5.47  -6.83  -6.99  -5.63  -1.11  -5.15  -1.65  -1.19  -6.10
195606   0.25   6.57   4.70   2.70   6.19   0.10   1.91   3.26   1.90   1.25
195607   1.82   4.55   6.12   5.84   5.28   2.69   4.61   2.96   4.94   2.30
195608  -1.99  -0.40  -3.70  -5.82  -3.78  -1.52  -3.26  -3.50  -2.90  -4.11
195609  -3.74  -0.94  -6.36  -5.82  -7.27  -3.92  -4.84  -3.91  -4.20  -4.79
195610   0.26  -1.38   0.81   0.30   3.25  -1.39   1.28   0.43   0.72   0.87
195611  -1.24  -4.56  -1.69   4.51   0.40   1.42  -2.78  -2.14  -0.06  -0.66
195612   0.75   0.81   4.60   4.10   3.87   1.30  -1.11   5.53   1.43   1.33
195701   1.63  -4.90  -5.85  -4.27  -5.65   2.90  -1.50  -2.37   2.29  -0.82
195702  -2.18  -2.78  -3.35  -2.88  -0.79   0.30  -1.59  -0.80  -0.76  -3.12
195703   1.16   0.40   1.77   3.11   4.20   0.29   1.83   7.95   1.31   1.82
195704   1.22   7.32   3.43   6.81   8.38   0.45   0.03   5.28   2.90   2.99
195705   0.74  -0.44   2.99   7.02   5.55   0.97   2.05   4.27   1.76   0.72
195706  -1.12  -0.27   0.02  -1.79   4.84  -3.27  -2.39   6.20  -5.45  -1.52
195707   0.80   3.25   0.34   0.84   1.06  -0.24   2.70   2.86  -0.36   0.93
195708  -2.60  -3.76  -6.79  -6.25  -7.30  -0.30  -3.34  -2.78  -3.02  -6.09
195709  -1.64  -7.20  -7.10  -8.03  -6.76  -3.33   0.08  -3.85  -2.17  -6.99
195710  -2.34  -4.37  -4.87  -6.03  -1.79  -2.10  -4.11  -0.63  -1.03  -7.09
195711   2.53  -6.96   2.61   1.63   6.28   1.40   0.90   6.94   3.83  -0.39
195712  -0.13  -8.35  -4.84  -7.07  -3.85  -0.02  -2.27  -0.93   2.14  -5.12
195801   7.32   5.47   5.32   1.44   4.01   4.26   7.29  -0.11   5.92  10.73
195802   1.34  -2.72  -2.64  -5.33  -1.95   0.63   0.74   4.43   0.85  -2.38
195803   3.67   2.60   1.26   7.85   2.17  -0.11   3.78   7.33   1.55   2.02
195804   3.46   4.24   1.20   5.05  -0.14   2.70   2.73   7.37   4.77   4.34
195805   2.14   3.44   2.85  -0.34   1.35   2.03   3.09   0.69   1.04   3.22
195806   2.21   2.59   2.12   4.89   3.13   0.49   1.85   2.98   1.78   2.46
195807   1.55   9.34   8.27   0.53   3.76   0.90   1.64   5.83   0.83   5.12
195808   2.42  -1.30   1.97   1.32   1.90   2.32   5.19   1.65  -1.42   2.59
195809   3.84  10.25   4.31   3.22   5.76   3.92   3.74  11.55   3.08   4.23
195810   2.38   1.81   2.89   1.15   4.44   1.45   0.99   0.96   4.03   3.42
195811   3.47   1.11   2.42   1.27   4.19   1.93   5.29   7.45   2.50   4.21
195812   2.27   3.02   5.02   1.20  12.63  12.38   5.36   4.25   5.61   2.58
195901   3.70  -0.21   0.72   0.40  -2.19   3.90   3.28  -0.65   0.99   1.85
195902   2.49  -2.28   3.14  -8.01   5.01   4.82   2.28   3.53   0.90   1.25
195903  -0.06  -0.80  -0.41   2.08   2.03  -1.32  -1.89   4.14   1.28  -1.06
195904   2.89   9.74   4.05   1.63   8.39   4.63   1.33  11.80  -1.38   1.95
195905   0.87   5.34   3.62  -1.62   4.65  -1.10   2.30  -1.33  -1.45   0.21
195906   1.34   0.44   1.10  -2.78  -1.26  -1.98   2.03   6.36  -2.57   1.10
195907   3.60   8.06   3.62   4.84   0.51   0.60   1.79   4.68   3.57   0.04
195908  -0.84   2.44  -2.29  -3.78  -2.65   0.55   0.42  -3.75   0.98  -2.67
195909  -3.50  -4.32  -5.12  -6.96  -4.49  -1.90  -2.28  -5.11  -4.69  -4.39
195910   3.65  -1.12   1.32   1.01   5.06   1.30   0.61   2.29   0.61   0.00
195911   0.65  -0.83   1.65  -1.27   9.05  -1.30   1.86   5.20  -0.01  -1.10
195912   0.91   5.81   1.97   4.16   3.13   3.35   2.48  -1.94   1.80   1.59
196001  -3.45 -11.39  -8.48  -7.61  -9.84   0.94  -6.02  -6.38  -2.34  -4.54
196002   2.44  -2.94   0.01  -4.21   5.24   8.18   3.65   0.00   2.42  -0.45
196003  -1.78  -5.33  -3.74  -0.88   1.30  -0.60   0.01   1.38   1.37  -2.76
196004   1.42  -2.11  -3.64  -4.37   0.55  -1.05  -0.48   1.64   1.09  -1.24
196005   6.02  -1.50   3.34  -4.36   9.43   3.26   2.90  13.50   1.12  -0.24
196006   4.01   0.62   1.49   3.44   1.17  -1.19   3.58  -0.32   5.46   2.47
196007  -1.06  -0.71  -4.24   0.60  -4.21   0.10  -3.17  -3.94  -1.50  -1.64
196008   4.05   2.34   1.13   3.14   0.97   7.04   2.70   2.21   4.07   2.40
196009  -3.67  -5.35  -7.18  -1.02  -8.92  -6.69  -8.53  -8.85  -4.82  -6.05
196010   1.52  -1.29  -1.08   2.23  -3.27   0.14  -0.01  -3.58  -0.58  -1.02
196011   8.13  -1.58   4.14   2.44   6.76   4.12   6.39   3.60   3.34   6.09
196012   4.29  -0.32   3.79   5.29   2.82  11.65   2.13   6.07   6.16   3.69
196101   5.32   8.31   6.55   9.58   2.87   7.89   2.55   6.00   4.59   7.70
196102   6.29   3.58   4.54   0.07   2.59   0.70   4.60   4.96   3.35   5.17
196103   4.58   3.85   1.44   1.37   2.52   6.77   5.68   3.67   1.47   3.19
196104  -1.44  -1.24  -1.41   4.72   0.48   0.80   0.39  -0.37   1.62   0.42
196105   3.30   0.85   4.09  -0.63   2.70  -1.09   3.76   2.05   2.17   3.70
196106  -1.64  -1.91  -3.12  -4.04  -3.54  -4.67   0.43  -3.51  -2.07  -4.08
196107   2.76   6.97   2.40   2.24   1.78   6.43   2.22   3.36   2.67   1.14
196108   4.77   1.10   1.96  -0.63   4.32  -0.37   2.94   3.61   3.43   4.84
196109  -0.16   5.50  -4.58  -6.45   0.05  -2.87   0.30  -1.43   1.18  -2.03
196110   3.29   0.18  -0.34   6.31   3.36   0.19   8.85   3.43   5.05   2.14
196111   5.09   8.57   2.36   4.76   2.76   7.84   4.67   2.94   3.11   3.44
196112  -3.31   2.08   0.04   3.78  -0.87   3.23  -0.43  -2.14  -4.43  -2.18
196201  -6.26  -1.17  -3.67  -0.22  -4.97  -6.08  -8.87  -4.74  -2.81  -1.50
196202  -0.11  -2.15   0.93   4.83  -0.18   3.47   1.32   3.55   2.31   1.27
196203  -1.30  -1.21  -0.59  -1.71   0.03  -3.04   0.80   0.42   1.76  -2.14
196204  -6.82  -4.54  -8.02  -3.65 -11.06  -4.71  -4.59 -11.08  -3.00  -7.23
196205 -11.66  -5.79  -8.77  -5.83 -11.36  -7.76  -9.44 -11.16 -10.81  -8.35
196206  -9.05  -6.60  -9.72  -4.89 -11.79  -8.64 -10.38 -12.76  -5.39  -9.45
196207   5.10   8.42   5.26   4.73  11.31   7.23   4.09   7.66   7.16   5.56
196208   0.44   3.06   1.75   1.05   3.17   0.88   3.92  -8.22   2.80   3.34
196209  -5.89  -2.90  -5.89  -1.80  -9.10  -6.19  -6.71  -4.24  -3.07  -6.00
196210  -3.41   2.08   1.39  -0.66  -0.16   2.77  -1.60   2.33  -1.39   0.44
196211  11.48   5.27  12.40   9.96  14.29   6.43  10.65  17.09   7.22  14.29
196212   1.20   2.86  -1.17   4.64  -0.41   0.95  -0.08   0.68   3.21   0.96
196301   5.83   6.16   5.64   2.43   5.63   4.13   3.73   5.55   5.00   5.10
196302  -3.49  -3.63  -3.10  -1.89  -5.27  -1.74  -0.99  -2.87  -1.79  -0.82
196303   2.33   7.41   2.69   6.91   2.52   1.81   1.84   1.04   1.57   2.63
196304   2.27   5.47   4.58   6.01   6.40   3.73   5.30   7.48   2.12   5.71
196305   1.45   6.84   1.55  -0.87   3.98  -1.35   2.23  -0.52   0.72   3.21
196306  -1.62  -2.82  -2.73   1.19  -5.11  -1.98  -1.47  -1.24  -1.34  -1.52
196307  -0.62  -0.36  -1.53   2.11  -0.70  -0.23  -1.24   0.47   0.51  -1.73
196308   4.49   6.12   5.71   3.30   4.89   3.63   6.11   9.22   3.89   5.12
196309  -1.95  -0.38  -0.92  -3.66   0.04   2.24   0.86  -4.17  -2.71  -3.38
196310   2.52   9.60   2.45  -0.58   8.28   3.40   0.33   3.28  -0.96   1.21
196311  -1.59  -6.12  -0.28  -1.94  -0.53   3.59  -1.68  -2.07  -1.35  -0.19
196312   2.56   0.11   1.73   4.63   2.94  -0.28   0.22   1.36   2.17   2.45
196401   0.67   1.06   2.59   4.73   2.90   3.35   2.23   3.64   1.16   1.13
196402   1.45   1.64   2.33   0.40   1.73  -0.87   1.30   1.33   0.53   5.03
196403   2.83   0.78   3.49   1.34   3.29  -1.09   2.32  -2.07  -1.00   1.97
196404  -0.59   1.79  -1.81   3.95  -3.65   0.81   2.67  -1.51   0.81   0.16
196405   1.18   0.35   1.33   1.49   2.48  -0.99   3.59   0.21   0.50   2.02
196406   1.36   0.52   0.74   0.60   0.43   4.60   3.71   0.43   1.94   1.16
196407   1.69   5.16   1.25   3.24  -1.82  -1.99   1.06   4.68   4.68   1.23
196408  -0.61   0.87  -1.68  -2.49  -3.01  -2.11   0.06  -4.56  -0.33  -3.46
196409   1.44   4.90   4.60   3.03   1.05  -1.17   3.37   2.61   1.62   3.73
196410  -0.29   0.12   0.20   2.90  -1.01  -0.89   2.14   2.80   0.72   1.65
196411   0.23  -2.53  -1.05   1.84  -0.50  -2.84   2.87   1.73   1.03  -2.20
196412  -0.01   1.52  -1.01  -0.29  -0.16   2.94   0.08   4.17   0.25  -2.07
196501   6.00   3.65   5.44   0.42   7.44   0.27   2.84   7.59   3.74   4.60
196502   1.25  -1.18   2.11  -3.98   1.92   0.16   1.12   2.11   0.14   2.23
196503  -1.03   1.26  -1.36  -3.08  -0.58  -1.82  -0.98  -1.04  -0.78  -0.55
196504   4.11   6.93   3.94   0.78   5.12   2.30   6.67   2.89   0.42   2.05
196505  -1.12  -4.34  -0.92   0.18   0.20   2.15  -0.09  -1.55  -1.29  -2.04
196506  -5.39  -6.97  -6.41  -2.03  -5.80  -4.27  -6.31  -5.44  -3.92  -7.22
196507   1.51   2.30   1.98   1.73   3.59  -0.38  -1.59   3.86   0.83   3.27
196508   3.73   2.60   3.17   0.86   5.59   0.70   1.98   5.96   0.57   4.70
196509   0.22   6.82   3.73   4.31   5.19   0.94  -0.80   2.16   1.13   1.57
196510   2.55   6.22   4.36   1.70   5.20  -2.29   0.08   3.14   0.82   4.09
196511   0.67  -5.16   0.84  -0.10   2.49  -5.02   0.97   3.31  -1.37   3.48
196512   1.02   1.08   3.11   0.15  -1.65  -1.02   1.20   3.79  -0.56   3.17
196601   1.82   0.38   2.81   0.97   1.33  -1.30  -4.59   2.61  -3.24   5.13
196602  -0.84  -2.02  -1.10  -4.16   4.79  -0.25  -2.16  -1.84  -4.54   1.79
196603  -2.96  -3.20  -1.99  -2.30  -0.99  -5.03  -2.29  -1.71  -0.47  -3.07
196604   0.30  -0.01   2.71   3.04   7.63   1.26   2.91  -0.10   0.93   2.91
196605  -5.28  -8.90  -6.03  -4.46  -6.28  -3.80  -3.21  -5.57  -3.13  -8.21
196606  -2.09  -2.27  -1.15  -2.34  -0.22   0.35  -2.50   0.88  -2.09   0.52
196607  -1.32  -2.57  -1.59   0.31  -1.78  -1.17  -2.18  -1.79  -0.45  -2.18
196608  -7.56  -8.11  -8.40  -7.19  -6.24  -5.43  -6.78  -8.46  -9.02 -12.19
196609  -1.79  -1.22  -3.78   3.91  -2.00  -0.76  -2.09  -1.21   4.03  -2.07
196610   4.37   0.41   2.41   8.39   0.28   9.19  -1.65   4.79   9.66   2.92
196611   1.77  -4.64   2.01  -2.08  10.59  -3.65   0.17   6.32  -1.83   7.40
196612  -0.04  -2.82   1.19  -0.69   0.31   2.79  -4.23  -0.19   1.77   1.86
196701   9.28  12.02  11.09   3.32  10.18   6.23  11.49   6.29   2.57  11.81
196702   1.55  -1.68   0.76  -0.69   5.95   1.38   2.83   1.04  -2.11  -0.59
196703   4.19   4.09   5.56   3.54   5.35   2.76   2.25   7.76   1.21   3.95
196704   4.48  10.68   3.61   1.64   7.71   0.18   9.00   4.40   1.62   2.09
196705  -3.03  -7.87  -4.07  -3.28  -4.63  -6.41  -5.05  -5.63  -4.56  -2.29
196706   2.39   1.34   1.94   2.26   6.25   2.54   3.73   5.31  -1.63   3.62
196707   5.94  10.57   5.00   6.88   3.90  -6.62   5.79   3.73   2.06   7.68
196708  -1.22  -0.52  -0.91  -2.27  -1.21  -2.07   0.18   0.32  -1.10  -0.62
196709   2.87   4.85   2.95   4.18   8.29   1.00   2.15   2.83  -0.41   1.17
196710  -2.78  -5.00  -4.55  -1.16   4.79  -3.49   0.48  -5.07  -5.71  -5.39
196711   0.13  -1.51   0.20  -0.07   1.19  -0.84   0.37   0.95   2.68  -0.77
196712   2.97   0.73   5.07   3.06   2.13  -0.08   3.35   1.52   2.98   5.29
196801  -0.70  -5.29  -6.60  -1.22  -8.71   2.69   0.88  -6.64  -0.16  -1.99
196802  -3.04  -3.08  -4.68  -3.21  -4.75  -3.32  -1.08  -4.57  -1.92  -3.89
196803   0.49   0.50   0.63   0.74   4.08  -1.34   2.79  -0.01  -4.24  -0.29
196804  10.98  11.84  10.49   5.49  12.36   2.22  12.19  11.82   2.04  11.93
196805   4.65  -1.18   2.81   0.58   3.63  -1.68   3.18   3.01   0.01   5.90
196806   0.96  -1.68  -0.46   1.78  -2.06   3.94   0.26   2.16   8.07   2.85
196807  -4.02  -2.99  -4.39   5.07  -5.61  -0.19  -5.17  -4.14  -0.14  -2.89
196808   2.46   0.54   2.86   0.65   0.34   0.25   1.94   0.28  -1.30   2.52
196809   4.64   6.74   4.38   3.52   2.90   2.84   7.77   0.83  -0.07   9.03
196810   0.77   4.56   0.82   2.20  -5.10   3.17   0.61  -0.11   0.14   0.96
196811   4.30  -1.27   5.39   5.05   8.53   4.53   4.75   7.75   8.33   7.37
196812  -1.24  -4.56  -3.67  -2.62  -5.44  -6.83  -4.18  -1.18  -3.19  -3.91
196901  -1.30  -2.01  -0.43  -1.26  -4.69   1.20  -1.20  -0.29   2.13   0.76
196902  -6.91  -4.06  -6.23  -5.21  -3.82  -4.25  -4.36  -5.45  -5.65  -8.57
196903   0.50   4.95   2.38   7.03   5.41  -0.56   5.01   3.23  -1.64   0.57
196904   0.92   1.16   1.20  -0.52   3.90   7.73   3.59   4.88   0.99   1.66
196905   0.87  -1.36  -1.27   3.11  -1.92   0.21   0.28   1.36  -0.44  -1.40
196906  -7.58  -6.12  -6.96  -9.99  -0.18  -4.18  -5.50  -5.11  -6.08 -10.80
196907  -7.08  -7.18  -5.68  -9.79  -5.43  -4.49  -8.69  -2.81  -3.34  -9.25
196908   4.68   2.38   3.64   5.86   6.76   0.64   7.86   8.86  -1.78   8.61
196909  -0.08  -0.55  -2.25  -9.70   0.15  -4.11  -0.71   2.09  -4.55  -0.95
196910   8.21   3.66   6.41  -1.50   5.79   3.50   6.54   8.90   7.86   7.78
196911  -2.74  -5.38  -3.97  -5.06  -2.03   0.22  -4.57   0.06  -5.74  -5.82
196912  -2.19  -3.59  -1.45  -3.11  -0.80  -5.75  -3.12   4.18  -1.06  -3.98
197001  -4.39  -8.40  -7.29 -11.79  -9.07  -2.56  -6.07  -7.16  -4.59  -8.91
197002   4.35   5.13   4.31   4.56   2.64   6.90   4.98   5.25   7.78   9.06
197003  -1.14   4.81  -0.68  -0.54  -2.64   2.04  -1.84  -5.18   2.47  -2.15
197004 -10.32  -8.93  -9.15  -9.26 -14.36  -8.79 -11.37 -10.15  -8.41 -13.82
197005  -7.89  -6.93  -8.25   1.51  -9.90  -4.81  -9.97  -8.08  -5.94  -8.63
197006  -1.89  -4.00  -4.95  -2.58 -11.84  -8.76  -4.14  -0.63  -5.19  -7.16
197007   6.49  10.12   4.82  12.40   2.12  10.27  10.38   2.08   8.30   7.82
197008   1.15   7.57   3.96   5.74   7.83   1.36   4.90   1.46   4.03   4.69
197009   5.32   2.64   3.86   3.18  10.09  -1.19   7.85   7.90  -0.96   7.32
197010   0.49  -2.23  -3.34   2.49  -3.78  -3.75  -1.80   0.19  -1.21  -6.07
197011   4.41   6.18   3.41   4.25   3.94   4.92   6.47   2.65   8.76   3.41
197012   7.21   6.12   7.86   2.25   4.37   6.60   5.25   5.26   6.74   8.05
197101   4.82   3.63   5.93   0.11   5.43   9.75   8.12   4.89   2.61   7.67
197102   3.45   1.67   0.78   4.05   2.44  -6.25   3.43   0.98  -3.05   1.97
197103   4.22   3.33   4.08   2.63   8.02   0.47   6.65   3.59   1.93   5.67
197104   2.12   8.42   4.34   4.20   2.36   0.81   4.88   4.17  -3.88   4.23
197105  -3.36  -4.85  -2.62  -5.39  -6.42  -6.21  -2.14  -2.40  -4.24  -4.76
197106  -0.36  -0.67   0.30   0.93  -2.22   0.77   0.36   1.95   3.86  -1.57
197107  -2.23  -5.42  -5.11  -2.28  -8.61  -3.69  -3.68  -2.19  -2.50  -3.96
197108   2.83   9.98   6.06  -1.93   5.34  -1.48   5.97   2.82  -2.95   6.69
197109  -0.30  -0.19  -0.36  -1.75  -1.62   0.13   0.61   0.60  -1.89  -0.64
197110  -4.44  -5.19  -6.18  -4.74  -4.38  -1.83  -3.51  -2.53   1.59  -4.32
197111  -0.73  -0.38  -1.34  -0.56   1.44  -0.73  -0.04   0.43  -1.78  -0.55
197112  10.31   6.07   9.90   8.75  11.18   7.28  10.21   7.70   7.69   7.97
197201   2.36   3.26   3.23   0.03   8.41   1.01   0.16   2.54  -0.69   3.25
197202   4.40   0.07   4.53   1.80   1.57  -0.80   5.38   6.88  -3.07   2.02
197203  -0.12   4.16   2.40  -5.51   1.03  -0.61   1.95   0.41  -0.56   2.08
197204   1.82  -0.70   1.80  -0.68   0.73  -1.06  -0.69   1.08  -3.16   1.70
197205   0.13  -1.80   1.74   2.69   3.41   0.12   1.27   3.44  -0.85  -0.88
197206  -1.33  -3.05  -2.32  -1.05  -2.60  -2.88  -4.04   2.49  -2.03  -4.73
197207  -1.71  -2.11   0.33  -1.22   0.94   0.74  -2.55   3.05  -0.35  -3.05
197208  -0.36   3.22   1.90  11.62   2.56   4.00  -0.62   0.84   5.30   3.33
197209  -2.82  -1.05  -1.28  -0.27  -1.22   4.00  -0.62  -0.47  -0.24  -1.97
197210  -0.08  -2.49   0.94   2.88  -3.31   2.27   0.80   1.46   6.33   1.02
197211   6.56   7.12   3.88   5.57   2.20   5.91   5.70  -0.76   5.79   4.89
197212   0.35   1.71   0.71   0.97   1.93   1.26   1.78   3.69  -1.94  -0.99
197301  -4.80  -6.81  -3.72   4.71   1.91  -2.12  -4.38  -1.22  -4.62  -7.57
197302  -4.63  -6.64  -2.52  -7.83  -3.32  -5.63  -6.63  -0.93  -2.63  -6.32
197303  -1.27  -2.90  -0.52   3.06  -1.29   0.23  -5.79   0.74  -2.52  -0.54
197304  -6.41  -5.24  -4.69  -1.16  -6.71   0.86  -8.49  -5.55  -0.98  -7.92
197305  -2.41  -5.10  -1.58  -4.13  -2.91  -2.00  -2.42   0.87  -0.34  -5.32
197306  -3.75  -2.79  -0.57   1.54  -0.15  -0.49  -5.83  -0.03  -2.95  -0.58
197307   7.42   7.00   6.43   0.13   4.96  -0.31  10.87   6.83  -2.79   9.40
197308  -3.65  -4.56  -2.00  -4.38  -4.01  -5.11  -4.50  -7.18  -2.84  -2.49
197309   5.64   7.67   4.49   9.22  -2.86   7.46   7.36   0.79   7.51   6.98
197310  -2.45  -4.66   0.13   4.85   3.83  -5.54  -3.62   1.79  -3.92  -1.18
197311 -14.67 -17.73 -14.92  -6.65 -11.80  -3.09 -19.06  -8.02 -12.31 -13.70
197312  -1.87  -3.86   0.85   8.52  -4.40   4.21  -0.55  -4.54   2.88   2.17
197401   2.25   6.05   0.31  -7.80   1.24   2.01   6.69  -2.57   4.02   0.95
197402  -0.36  -1.91  -0.57  -2.09  -1.03   3.58   0.64  -1.51  -0.48   0.80
197403  -2.16  -0.04  -1.03  -3.39  -2.84  -4.92  -3.45   1.13  -4.10  -3.94
197404  -3.92  -4.15  -2.56  -6.50  -3.71  -5.31  -2.12  -1.53 -12.77  -6.56
197405  -3.22  -0.29  -2.52  -8.32  -4.73  -2.88   0.84  -0.45  -5.82  -8.70
197406  -0.92  -2.95  -0.47  -0.37  -3.04   0.02  -2.85  -1.68  -6.84  -5.90
197407 -10.36 -11.96  -7.44  -0.89  -8.48  -7.63 -13.05 -14.11   0.15  -6.84
197408 -10.75  -7.70 -10.78  -9.49  -5.52  -1.77 -13.42  -8.57  -9.72 -11.05
197409 -12.61 -13.04 -12.72  -7.94 -16.99  -4.05 -12.24 -15.57  -2.13 -10.00
197410  15.41   3.77  16.04  20.31  14.79  10.85  10.04  29.44  12.15  19.93
197411  -4.45  -5.80  -6.90  -4.95  -5.60  -4.55  -6.32  -1.60  -1.19  -3.16
197412  -1.04  -4.26  -4.72   0.67  -5.44   1.13  -3.65  -3.46  -1.60  -4.86
197501  18.70  20.96  14.32   6.28  15.27  11.10  25.62  -0.65  18.21  17.57
197502   3.66   3.63   7.44   1.29  12.55   3.80   4.58  15.59  -0.02   2.50
197503   6.63   6.60   4.86  -2.32   0.90  -1.23  10.32   1.19  -2.02   3.64
197504   2.96   3.81   9.28   6.84   5.50  -0.95   2.43   0.67  -2.19   3.10
197505   4.81   1.96   2.12  11.59   5.27   2.14   3.87   6.10   7.49   5.36
197506   4.99   9.94   3.45   6.13   2.18   3.73   7.39   0.84  10.11   5.56
197507  -5.52  -2.22  -5.99  -4.58  -9.42  -4.22  -7.58 -12.09  -5.32  -6.31
197508  -3.52  -4.05  -1.37  -1.52  -3.61  -4.92  -0.61  -3.77  -2.19  -5.45
197509  -2.88  -2.81  -5.84  -1.25  -0.94  -1.64  -3.64  -6.59  -1.59  -6.68
197510  10.36   8.65   5.42  -1.83   8.34   6.81   9.63  10.57   5.88   3.64
197511   3.65   2.84   2.69  -2.26   4.40   2.93   4.03   4.74   2.31   3.24
197512  -1.81  -0.65  -1.61  -0.02  -1.36  -0.47  -3.19  -6.44   0.71  -0.72
197601  10.85  15.44  16.69   8.08  18.30   9.50   8.91   7.75   7.86  12.74
197602  -1.43   3.37   1.44  -3.94   0.70   2.24   4.23  -6.93  -4.27   2.81
197603   0.36   3.42   0.59   7.20   2.88   0.25   3.32   6.41   0.72   1.57
197604  -1.84   1.76  -1.50   2.08  -3.43   1.72  -4.78  -4.35   0.12  -1.73
197605  -2.59  -3.93  -1.72   4.44   0.03  -4.22  -5.97  -3.24  -2.21  -2.05
197606   3.29   4.07   3.78   5.01   8.12   3.24   1.22   3.53   3.63   5.05
197607   1.38  -1.23  -1.97  -0.81  -2.23   1.23  -2.36  -0.42   2.29  -0.22
197608  -0.72  -2.09  -2.08  -1.72  -1.43   3.43   2.62   1.64   2.03  -1.50
197609   1.20   4.31   0.73   5.93   2.80   1.31   0.23   3.60   3.55   0.61
197610  -1.78  -1.35  -3.72  -2.65  -4.53   1.26  -1.07  -3.88  -1.35  -0.65
197611   1.24  -2.55  -1.10   0.07   1.04   1.90   4.53 -10.13   2.38   1.61
197612   4.98   9.46   5.90   6.22   3.76   3.17   2.19   6.23   5.95   8.05
197701  -4.27  -4.29  -6.01   0.09  -3.91   0.09  -7.15  -8.94   0.37  -4.33
197702  -1.80  -4.16  -1.21  -3.79  -1.30  -0.36  -2.36  -0.67  -4.20  -2.09
197703  -1.77  -3.59  -0.36  -2.13  -0.17  -1.29  -2.88  -1.94  -0.41  -0.51
197704   0.37   2.98   0.46   2.54  -3.47   0.66  -3.60  -5.25   1.43   1.98
197705  -1.44  -1.75  -3.31  -1.42  -2.17   0.11  -3.22  -2.62   0.86  -1.27
197706   4.11   4.07   3.15   5.99   7.66   1.67   5.84   9.00   5.17   4.98
197707   1.08  -2.62  -3.63  -1.87  -0.18  -0.87  -0.37  -2.30   0.42  -0.54
197708  -0.39  -1.57  -1.77  -6.73  -0.19  -3.57   4.19   3.11  -4.05  -1.66
197709  -0.14   1.31  -1.21   0.72  -1.89   3.18  -0.83  -0.92   1.45  -0.42
197710  -3.53  -4.66  -4.60  -3.74  -3.23  -5.07  -3.28  -1.84  -3.60  -4.68
197711   4.03  -0.36   3.46   2.41   4.49   0.81   4.99   5.38   3.35   6.04
197712  -0.35  -0.76   0.60   1.79   2.28   1.85  -1.52   0.55  -0.88   0.21
197801  -5.49  -7.07  -6.13  -7.14  -4.74  -4.17  -7.05  -1.96  -5.05  -5.54
197802  -0.42  -0.52  -3.11  -2.10  -4.26   2.60  -1.05  -3.64  -1.26  -0.57
197803   3.70   5.78   3.56   1.97  -0.85   2.29   2.53   4.03   1.88   4.97
197804   6.74   9.44  11.26   6.71  13.28   2.95  10.67   9.13  -0.33   9.14
197805   3.73  -0.93   3.59  -0.38   0.88  -1.82   0.77   4.54  -0.18   2.08
197806  -0.68  -3.20  -1.76  -3.79  -0.50  -1.84  -2.16   1.06   0.13  -0.68
197807   3.37   4.40   7.45   3.27   8.56   1.42   4.85   8.72   2.41   6.37
197808   3.67   2.09   3.30   4.06   5.34   2.08   5.10   0.45  -0.48   5.95
197809  -0.79  -0.78  -2.28   4.70  -4.26   0.91  -2.79  -2.79  -0.87  -1.60
197810 -11.75 -11.40 -11.64 -11.10 -10.88  -4.54 -14.27 -12.96  -7.74 -14.31
197811   1.57  -1.24   2.23   5.44   4.31   1.52   2.04   4.56   2.14   2.06
197812   1.34  -0.70   1.24   2.88   6.31  -0.24  -0.85   3.29  -1.98   0.84
197901   3.99   4.73   6.05   2.75   4.27   3.63   5.39   1.31   5.76   5.85
197902  -4.05  -4.71  -5.13  -0.14  -4.06  -2.17  -4.88  -5.09  -2.52  -3.63
197903   3.58   6.53   7.02   9.25   7.47  -0.19   5.69   4.84   1.65   7.65
197904   0.03   2.73  -0.59   4.15   0.28  -2.14   0.44   0.26  -3.22   1.30
197905  -2.30  -2.30  -2.95  -3.30  -2.72  -1.64  -3.12  -3.29   0.31  -0.77
197906   2.75   2.91   3.20   9.14   0.36   1.78   2.70   4.77   4.21   6.53
197907   1.88   1.78   1.85   1.41  -1.58  -0.13   0.89   0.02   1.58   3.10
197908   6.95   3.82   6.81   7.16   5.17  -0.20   8.21   7.79   1.06   5.41
197909  -2.33   0.08  -0.93   5.80  -1.87  -2.61  -0.98  -0.57  -2.68  -1.02
197910  -7.88  -9.70  -9.11  -2.82  -7.80  -5.05  -9.05  -4.50  -6.55 -10.39
197911   4.46  -3.82   4.09   8.28   7.33   2.28   3.36   8.15   6.79   6.55
197912   2.97   3.24   4.06   2.63   1.66  -1.92   2.71   1.94  -1.63   3.68
198001   2.92   8.75   6.81  13.88   7.32  -2.07   0.68  -1.40   1.00   5.26
198002  -5.35  -7.51  -3.28  11.95  -4.27  -3.29  -5.42  -5.28  -4.40  -3.68
198003  -8.69  -8.81 -11.99 -17.87 -12.83  -3.06  -8.76  -2.98  -7.39 -12.73
198004   6.30  -2.24   2.99   6.57   0.67   7.28   3.10   4.15  11.34   5.82
198005   7.28   3.18   5.49   3.33   3.94   3.10  10.03   6.34   3.54   7.67
198006   2.45   2.70   2.07   5.71   2.88  -0.87   2.09   0.05   3.81   4.67
198007   7.57  11.62  10.53   1.35  15.42   1.00  10.38   8.72  -0.69   6.43
198008   0.88   0.83   1.09   3.19   2.98   4.57   1.43  -0.26  -2.02   2.25
198009  -0.25   0.59   2.78   6.71   1.88  -1.97   0.87   3.51  -0.61   3.26
198010   0.00  -1.89   0.09   7.63   1.90  -3.26  -1.84  -1.50   1.32   1.33
198011   0.42   4.19   7.93  24.08   9.15  -1.75   2.44   8.33   6.60   7.03
198012   0.61  -1.58  -2.38 -10.95  -1.28   0.62  -1.71   4.47  -2.68  -1.13
198101   1.78  -2.30  -2.20 -10.51  -8.12   5.51   0.19  -1.64  -3.24  -2.76
198102   2.00   5.76   3.77  -1.16  -0.17   0.12   2.23   1.27  -2.29   1.35
198103   6.43   6.68   5.60  -2.58   4.87   0.97  12.43   5.72   2.09   8.01
198104   1.00   1.70  -1.04  -7.60   0.11   6.19   2.77   2.91  -3.13   0.73
198105   2.15   2.32  -0.84  -4.85   3.59   5.25   2.21   2.98   0.92   2.20
198106  -0.69  -4.57  -1.68   4.64  -6.79  -2.08  -1.82  -5.72   2.59  -1.39
198107  -0.80  -3.08  -2.95   7.75  -3.83   0.35  -3.41  -4.01   2.24  -2.86
198108  -5.64  -8.43  -7.49  -7.23  -7.88  -2.76  -5.79  -8.36  -1.80  -5.92
198109  -2.66  -3.40  -7.29 -12.42  -4.03   2.75  -3.98  -1.38  -6.45  -5.83
198110   7.25  -4.27   3.43   9.50   5.07   6.02   6.59   7.79   4.18   6.86
198111   2.14   4.11   3.59   6.25   0.86   0.90   0.54   3.38   4.84   4.68
198112  -2.19  -0.07  -1.76  -6.67  -0.17  -1.61  -2.43  -0.89  -3.15  -4.11
198201  -1.13   1.18  -3.39  -8.62   2.72   0.65  -0.02   1.33  -1.24  -3.47
198202  -2.44  -2.64  -6.49 -12.08  -5.88  -7.45  -1.99  -2.36  -1.50  -4.31
198203   1.90   3.19  -2.07  -3.79  -3.70   1.86   3.96  -2.72   0.66  -1.86
198204   6.47   4.43   2.89   4.34   7.36  -0.19   5.22   7.26   3.20   3.54
198205  -3.83  -2.46  -5.39   1.10  -6.11  -3.03  -3.20  -3.69  -1.70  -5.96
198206   1.28   2.25  -2.92  -6.63  -2.47  -2.62   2.69  -0.87  -3.03  -2.92
198207  -0.63  -0.42  -2.55  -8.14   1.50   1.16  -0.07   0.67  -3.28  -3.25
198208   8.65  13.08  12.89   8.29  12.05   8.76  11.94  11.71  10.62  10.77
198209   4.83  -1.10  -1.23   1.86   1.08   0.99   4.44   1.28   0.28   3.70
198210  10.36  16.52  12.62   5.20  16.91   8.14  16.73   8.21   4.23  15.42
198211   4.65   7.44   5.07  -5.48  10.11   4.27  10.65   4.70  -0.92   7.21
198212   0.54   3.07   0.60   5.38   2.61  -1.28  -2.33   0.47   3.37  -1.67
198301  -1.23   5.07   4.81   3.44   8.35  12.30   1.28   1.31   3.06   2.60
198302   3.40   3.13   3.52  -1.50   3.15  -1.81   7.70   2.30   0.40   4.32
198303   6.97  -1.34   1.94   5.81   0.58   0.17   8.40   4.53  -0.47   4.56
198304   6.18  11.00   6.18   9.41   7.46   5.11   8.55   5.06   4.19   8.08
198305  -1.29  -2.54   1.62   0.07   2.30  -1.39   0.09  -3.24   1.60   2.14
198306   2.61  10.12   1.45   6.40   6.05  -1.19   5.98   6.80  -1.15   1.28
198307  -2.71  -3.68  -2.61  -2.35  -5.41  -5.21  -3.43  -5.68   0.46  -3.81
198308   0.24  -2.87   0.14   5.99  -1.44   2.08  -5.12  -1.56   0.49  -1.21
198309   4.21   4.17   2.21  -4.91   2.06   0.76   2.16   1.22   3.87   1.34
198310  -0.41   0.29  -2.48  -2.26  -6.95  -5.25  -1.73  -2.25   2.47  -4.21
198311   1.87   3.38   5.76  -1.69   1.89   3.07   4.11  -3.53  -2.53   4.31
198312  -0.79   0.91  -1.23   1.84   0.29  -3.06  -4.92  -3.65  -4.46  -1.21
198401  -0.89  -5.48  -3.68   9.63  -6.18   4.03  -6.04  -0.75   0.86  -1.81
198402  -6.13  -6.58  -7.15   2.98  -6.33  -3.80  -4.81  -2.47  -4.34  -5.21
198403   1.17   0.06   3.03   0.10   1.78  -5.57   1.09  -0.84  -1.05   2.07
198404   0.27   1.19  -0.20   3.93  -0.49   2.15   0.10   2.18  -0.92  -2.27
198405  -2.76  -6.21  -6.24  -6.05  -5.92  -3.61  -5.50  -7.07  -1.97  -7.22
198406   5.87   1.64   2.98  -2.36   1.68  10.77   7.19   3.76  -0.49   1.81
198407  -1.87   2.46  -1.73  -7.46  -2.35   2.85  -0.05  -4.00  -0.59  -1.95
198408   8.31   9.37  11.34  12.66  13.44   7.08   9.54   9.65   6.58  10.75
198409   0.93  -0.43  -2.64   2.04  -3.96   2.72  -0.12  -4.45   4.08   1.81
198410   1.25   2.04   0.32  -5.00  -0.91  -3.65  -0.87   1.50   2.58   0.55
198411  -0.09  -3.90  -1.96  -1.72  -3.90   0.39  -3.13  -0.58   2.08  -0.63
198412   2.13   4.49   1.92  -0.72   2.34   4.01   0.53   2.65   1.85   3.17
198501   4.83   9.67   8.26   6.05  12.53   5.12  13.09   8.13   1.79   9.64
198502   4.68  -2.32   0.86   3.02  -1.66   3.30   1.75   3.07   0.55   1.86
198503   4.37  -5.31  -2.93   1.40  -6.10   3.37  -0.70   2.94   5.27  -0.61
198504  -2.25  -3.60  -1.68   3.65  -3.67  -0.94  -0.02  -1.84   1.15   1.33
198505   7.55   5.10   5.59  -0.32   2.46   8.29   9.29   9.10   4.56   6.06
198506   2.39   1.43   1.31  -0.87  -0.79   3.62   1.42   2.17   2.92   2.52
198507  -2.72   2.24   3.34  -0.68   4.40  -5.05  -4.15  -0.54  -5.19  -0.29
198508   0.46  -3.16  -1.68   0.44  -2.90   0.41  -0.93  -1.24   1.01  -0.79
198509  -0.97  -3.58  -4.10  -1.42  -4.82  -4.80  -4.41  -3.97  -5.98  -5.27
198510   3.45   0.68   3.15   5.59   2.99   3.49   6.66   3.11   5.69   6.17
198511   8.11   9.43   7.34  -0.33   8.28   7.26   7.59   9.32   3.35   7.13
198512   5.16   6.81   4.34  -3.26   8.17   5.45   4.44   3.36   4.21   4.14
198601   1.68   2.02   1.43  -7.13  -0.30  -4.30   1.37   1.01   3.32   3.40
198602  10.57  10.20   9.73  -0.32   4.66   7.30   7.41   5.64   5.71   8.10
198603   7.76   7.84   5.83  -0.09  -0.14   3.21   8.53  11.99   3.37   5.44
198604   0.32  -3.69  -1.84   0.41   3.87   1.90   0.08   0.63  -4.29  -2.80
198605   8.62   2.75   4.04   6.20   0.68   4.73   9.66   6.88   2.82   4.47
198606   6.00  -1.53  -0.16  -2.43  -4.03   4.90   3.79   5.56   4.49   1.13
198607  -5.80  -9.19  -7.39  -5.80  -8.38  -3.49  -9.62  -5.46   4.70  -6.55
198608   2.43   7.06   5.70  15.68   6.63   6.80   1.49   3.74   7.23   6.68
198609 -11.06  -8.46  -6.92  -1.02  -7.11  -9.92  -8.48 -12.67  -9.60  -9.07
198610   8.72   6.29   5.91   1.70   0.59   4.32   7.34   7.88   4.82   4.10
198611   0.54   4.40   2.02   2.16   3.17   3.87   1.62   1.01  -0.08  -0.84
198612  -3.47  -2.51  -2.11  -0.56  -3.76  -4.38  -6.35  -1.36  -3.92  -2.85
198701  14.36  18.65  14.23  13.80  16.42   4.99  11.42  13.05   8.88  11.00
198702   5.47   3.07   4.42  -2.60   9.11  -0.03   9.64  11.01  -2.75   4.46
198703   0.82   4.38   3.07  12.21   2.62   0.76   1.67   0.05  -2.27  -0.61
198704  -3.75   3.92  -1.46  -0.07   4.34  -2.75  -2.94  -2.51  -4.75  -4.49
198705   2.40  -1.75   0.14   2.30   0.03   3.26  -0.33   0.93  -2.57  -0.25
198706   6.55   2.73   4.91   5.66  -0.06   6.36   6.43   4.66   2.76   4.31
198707   4.99   6.80   7.12   3.21   1.01   5.58   5.80   5.67  -2.13   3.48
198708   3.51   5.37   2.35   0.99   7.15   5.05   3.13   1.92   2.97   4.14
198709  -2.96  -4.19   0.23  -3.87  -2.76   2.53  -6.54  -2.61  -2.89  -2.04
198710 -21.12 -27.10 -27.40 -19.39 -25.95 -12.75 -28.31 -20.50  -7.38 -23.71
198711  -8.35  -8.96  -5.64 -11.49 -10.14  -8.98  -8.76  -9.65  -3.24  -6.91
198712   7.24   8.23  10.68   6.61  11.78   3.67   8.43   5.21  -0.18   5.04
198801   2.82   4.26   0.26   8.48  -2.46   9.28   5.50   6.28   9.26   6.26
198802   5.72   5.82   7.05   2.59   7.11   1.27  10.23   3.75  -2.15   3.28
198803  -1.82  -4.47  -1.33   2.41  -4.73  -4.23  -1.10  -2.62  -3.86  -1.66
198804  -0.19   2.65   1.53   4.34   2.57   0.06   1.65  -2.05  -0.77  -0.54
198805  -0.58   0.78  -0.78  -1.40  -1.64   2.11  -1.65  -0.65   2.77   0.66
198806   3.10   7.96   7.27  -2.08   9.30   2.60   6.60   2.52   2.58   5.68
198807   1.52  -1.17  -2.83   3.37  -5.13  -0.41  -1.22   0.38  -0.73  -0.71
198808  -0.49  -7.18  -4.86  -2.49  -8.55  -3.21  -2.97  -1.46  -0.93  -1.17
198809   6.17   3.79   3.23  -2.51   2.79   6.82   7.99   3.78   2.10   3.87
198810   8.04   2.95   0.59   1.65  -0.08   2.38  -0.09   1.05   2.12  -0.19
198811  -1.91  -1.45  -2.60  -1.29  -3.50   0.18  -3.09  -2.54  -1.32  -2.38
198812   3.24   0.06   2.87   1.74   4.80   1.05   1.38   1.68   0.38   0.60
198901   5.57   7.14   7.06   5.95   7.03   8.64   6.23   6.64   2.30   6.69
198902  -1.59  -3.56  -2.52  -2.08  -4.07  -1.36  -2.05  -1.42  -2.58  -0.62
198903   5.14  -1.51   0.98   3.73  -5.57   5.18   2.78   4.64  -0.06   3.10
198904   5.66   0.02   5.25   2.48   5.16   9.15   5.42   5.27   3.43   4.47
198905   5.17   1.70   3.08   1.40   2.05   5.67   4.97   3.01   4.61   3.93
198906   1.19   1.15  -2.93  -1.04  -3.38  -0.35  -2.15  -2.88   2.83   0.66
198907  11.88   4.69   7.46   3.54   2.91   8.16   8.79  13.75   5.43   7.98
198908  -2.14   4.88   4.02   2.17   2.15   0.91   2.46   0.09  -1.56   3.20
198909  -0.82  -4.70  -2.86   1.32  -2.75   3.50  -2.30   2.24  -0.04   1.18
198910  -2.57  -6.13  -4.50   0.13  -4.49  -2.40  -4.21   0.32   0.60  -5.03
198911   1.45  -1.77   2.65   3.25  -2.18   1.88   1.13   4.29   2.55  -0.21
198912   1.10  -1.64   2.72   5.76  -1.19   5.37   1.15   0.84   4.27  -1.80
199001  -9.51  -4.32  -6.42  -4.35  -1.33 -13.68  -6.36  -7.47  -5.74  -9.00
199002  -0.61   4.43   2.01   2.27   3.70  -0.46   1.66  -2.33  -0.43   2.29
199003   4.21   2.78   3.73  -0.59   4.39   3.85   5.18   3.70  -1.30  -0.59
199004  -0.35  -4.54  -3.00  -3.72  -2.04  -3.88  -2.02   0.10  -5.87  -3.69
199005   8.83   7.08   7.56   5.10  12.14   9.27  11.44  12.38   4.59   8.80
199006   1.75  -2.39  -0.73  -2.45  -1.25  -5.01   1.53   4.32   0.23  -1.86
199007  -0.90  -3.96   0.09   7.93  -7.46  -5.01  -4.11   2.43   0.43  -3.68
199008  -7.58 -14.95 -12.52  -1.81 -12.38 -10.88 -12.43  -7.11  -7.32 -11.69
199009  -4.43 -10.72  -8.26  -1.67  -6.73   0.95  -8.49  -4.40  -0.01 -10.22
199010   2.35  -3.90  -1.95  -4.36  -3.56   2.31  -3.21   1.19   6.70  -6.66
199011   6.27   3.18   6.89   0.83  10.76   2.95  10.07   9.22   1.63  10.36
199012   4.11  -0.67   4.58  -2.27   4.08   1.30   3.26   2.48   0.21   5.08
199101   5.07   6.63   6.32  -2.24  14.92  -0.20   9.28   4.45  -1.79   7.27
199102  10.09   9.72   5.42   7.60   6.09   3.29   7.83   9.61   4.13   9.45
199103   4.49   1.05   1.22   1.22   0.65   1.98   8.49   5.28   1.24   2.80
199104  -1.03  -2.69   0.26   2.33  -2.93   0.65   1.86  -1.30  -0.54   1.10
199105   3.41  14.25   6.91  -2.13   3.29  -1.57   7.33   4.40  -0.50   4.78
199106  -5.22  -4.57  -4.35  -3.75  -8.88  -2.25  -4.26  -4.37  -2.90  -5.47
199107   5.61  -0.72   3.05   4.87   4.59   2.71   5.29   8.37   3.56   4.50
199108   5.20  -2.59   1.51   0.97   2.48   0.71   3.47   2.60   2.83   2.88
199109  -3.51  -2.79  -2.48  -0.75  -1.35   0.20  -3.31  -0.53   3.21  -0.78
199110  -0.66  -2.32   1.44   1.89   1.95   1.64  -2.05   6.57   0.85   2.18
199111  -0.75  -8.45  -5.83  -8.45  -4.70  -5.04  -1.40  -2.73   1.23  -5.56
199112  14.37   7.47  11.25   1.88   9.04   9.37  12.92  16.26   4.50  12.33
199201  -3.13  10.16   2.13  -4.26   6.61  -2.99   0.24  -5.60  -4.93   1.97
199202   0.95  11.80   1.69  -1.44   3.57  -1.33   2.43  -2.79  -1.80   2.95
199203  -1.82   0.70  -1.47  -2.86  -5.23  -1.34  -1.41  -5.67  -1.13  -2.37
199204   0.67   7.61   2.91   9.35  -1.05   6.36  -3.56  -2.20   2.28   0.39
199205   1.22  -2.05  -0.89   2.28  -0.27  -1.82  -0.01   0.85   1.94   1.33
199206  -3.15   1.80  -3.52  -3.55  -4.17   0.87  -1.98  -4.92   0.00  -0.24
199207   4.59   0.18   2.93   5.24   2.96   4.93   3.75   5.69   6.30   3.06
199208   0.70  -9.82  -3.91   1.69  -4.84  -1.20  -0.72  -3.59  -1.00  -3.62
199209   0.82   0.18   1.62   0.09   3.28   1.48   3.96  -5.06   0.29   3.24
199210  -0.92  -0.20   0.74  -3.56   2.11  -0.96   4.24   3.28  -0.77   2.84
199211   3.43   8.36   3.57  -3.52   6.03   4.13   7.03   4.63  -0.77   5.80
199212  -0.17   3.24   1.28   1.86  -0.08   5.15   0.55  -1.54   2.16   3.64
199301  -0.85   9.26  -0.11   2.73   4.83   0.84  -0.04  -6.90   2.12   3.15
199302  -2.19  -0.53   1.29   5.06  -0.51   5.58  -1.66  -9.20   5.70   0.24
199303  -0.29   5.37   1.91   4.03   2.13   2.96   2.68   0.55   1.26   3.69
199304  -9.31   2.09  -0.16   1.16  -3.71  -3.23  -8.21   1.24  -0.47  -3.33
199305   2.47   0.86   2.02   0.88   8.61   4.09   5.69   3.32  -0.55   1.51
199306  -1.06   3.22  -0.52  -1.17  -0.49   4.35  -2.98  -3.20   2.70   2.04
199307  -2.42   1.49  -0.10   0.45  -3.91   1.81   0.58  -6.06   1.62   1.93
199308   4.06   0.28   3.08   3.37   6.28   5.32   3.77   2.76   3.14   3.25
199309  -2.09   0.74  -2.20   1.39   1.28  -0.71  -0.37   0.65  -1.03   1.54
199310   6.02   7.33   3.09  -1.90   1.58   2.28   4.54   5.93  -2.26  -2.41
199311   0.42   0.64   0.84  -6.71  -0.11  -6.18   0.49   0.84  -6.08  -2.99
199312   1.20   4.41   3.54   0.48   2.93  -0.75  -2.13   2.35   1.17   2.42
199401  -0.55   6.81   4.73   4.80   4.70   1.73   0.55   1.71  -1.46   4.27
199402  -1.43  -4.56  -0.91  -3.77   1.56  -5.67   1.82  -5.77  -5.55  -4.08
199403  -4.39  -6.50  -4.58  -3.68  -3.94  -4.02  -4.69  -6.99  -4.48  -4.47
199404   1.17  -0.63   0.01   4.10  -1.62   1.01   0.17   2.35   1.75   1.12
199405  -1.54  -2.99   1.77   0.00   1.97   1.52  -2.08   4.05  -5.94   2.77
199406  -2.18  -3.52  -2.75  -2.73  -5.28   0.32  -2.71  -3.95  -3.69  -2.82
199407   2.86   3.50   4.47   3.28   3.85   2.92   0.74   0.97   4.76   2.51
199408   5.86  -0.44   4.43  -0.90   9.16   1.03   4.39  10.41   0.03   3.24
199409  -0.68  -5.15  -1.82  -2.13  -0.53  -1.47  -2.40   1.59  -3.36  -4.41
199410   2.07  -1.69   0.50   7.30   7.20  -0.37   1.14   0.67   1.26  -0.02
199411  -1.88  -5.30  -5.73  -5.63  -2.23  -5.59  -3.58   0.22  -0.46  -5.41
199412   1.00   3.59   3.86  -1.04   2.44   0.50  -2.93   0.28  -0.26   1.25
199501   1.74  -6.06  -0.49   0.21  -0.85   3.90   1.45   6.04   5.83   4.53
199502   2.83   4.81   5.21   3.73   6.67   1.37   2.51   2.03   0.22   4.65
199503   2.36   1.30   3.29   5.22   4.47  -0.01   3.41   2.56  -2.31   1.79
199504   1.77   1.13   2.90   2.32   8.27   1.20  -1.74   2.91   1.97   1.46
199505   4.53   4.55   2.89   3.27   2.99   0.51   2.53   1.37   5.42   4.24
199506   1.36   0.67   1.90  -3.13   9.75   3.57   4.83   4.34  -0.99   1.99
199507   1.18   2.44   3.44   2.28   7.89   4.82   3.48   5.16  -0.69   4.49
199508   0.50   0.46  -0.45  -2.40  -0.14   4.22  -2.95   0.82   0.31   3.51
199509   6.32  -0.64   2.07   1.26   1.25   5.43   2.69   7.34   5.73   4.42
199510   0.30  -5.01  -2.76  -0.26   1.43  -0.46  -5.56   1.01   1.17  -2.20
199511   4.29   5.17   6.23   3.97  -0.75   2.70   5.97   4.73   0.95   5.96
199512   1.40   2.96   1.34   5.74  -4.24   3.69  -0.87   5.82   4.57   0.97
199601   2.59   3.28   3.29  -0.40   1.94   2.02  -0.43   5.81   1.64   3.35
199602   3.00   1.68   0.65   0.34   6.26  -2.30   4.20  -1.22  -3.17   2.06
199603  -1.29   4.15   3.31   4.93  -3.46  -2.06   5.85   0.14  -0.91   1.53
199604   0.04   3.34   1.57   3.42  10.00   2.32   4.17  -0.70  -2.89   0.06
199605   6.41   1.94   2.12  -0.21   3.78  -0.04   4.27   3.74   0.71   1.41
199606   2.93  -5.06  -0.56   0.88  -4.95   0.23  -1.70  -0.29   4.76  -0.42
199607  -4.17  -4.38  -4.15  -4.70  -7.54  -8.86  -7.59  -6.23  -6.13  -4.46
199608  -0.88   2.84   3.01   2.29   4.36  -1.02   5.71   4.07   2.27   3.75
199609   3.33   2.26   5.96   3.96  10.54   1.30   3.46   7.24   0.20   4.91
199610   1.72  -0.09   1.53   5.80  -1.26  -1.07  -2.29  -0.82   3.23   3.79
199611   4.97   5.71   5.89   4.92  11.97   5.55   3.03   6.51   2.05   7.40
199612   0.23  -3.37  -0.60   0.76  -2.56   2.35  -3.55  -2.79  -0.29  -1.96
199701   5.51   2.94   4.20   4.29   9.36   2.04   0.12   9.50   0.59   5.90
199702   3.97   0.04   0.63  -6.24  -7.48   2.18   2.99   0.78  -1.06   2.47
199703  -5.46  -4.08  -3.90   5.16  -5.58  -7.92  -1.38  -7.49  -3.21  -6.05
199704   5.12   2.07   5.27   0.01   8.14   2.27   2.14   6.02  -1.71   5.08
199705   5.78   6.34   7.63   6.75  10.09   6.54   5.95   6.78   3.19   6.11
199706   3.23   3.76   5.11   1.27   1.31   3.51   4.94   8.82   2.60   5.23
199707   3.30   7.19   7.03   7.30  15.94   2.47   7.72   1.92   2.43   9.09
199708  -6.34   1.09  -5.71  -0.18  -1.34  -2.37  -2.65  -6.23  -1.64  -4.89
199709   5.27   5.20   3.17   6.26   3.45   9.46   5.11   6.54   4.19   7.79
199710  -3.18  -3.54  -5.95  -2.10  -8.44   3.11  -2.25   0.18   0.56  -2.75
199711   6.29  -1.90   4.06  -3.95   1.42  10.17   5.27   2.72   6.66   2.93
199712   3.54   3.90  -0.40  -1.55  -4.21   4.39  -0.31   3.43   7.54   5.20
199801  -2.94   0.34   0.66  -5.76   5.24   4.65   0.87   5.69  -4.65  -2.22
199802   5.04  11.97   6.96   6.28  10.38   2.54  10.31   5.31   2.23   8.08
199803   5.46   6.13   4.73   4.76   1.30   9.66   6.49   3.55   6.39   5.69
199804  -3.15   0.70   1.19   3.78   5.07  -3.19  -0.43   1.85  -2.85   1.70
199805   1.00   6.97  -2.61  -4.68  -6.99  -1.71   2.07  -2.59  -1.29  -3.09
199806   3.54   1.68  -0.65  -1.40   8.70   3.06   4.74   6.09   2.45   3.02
199807  -4.12  -1.58  -5.89  -6.89   0.46   3.62  -3.14  -0.26  -5.62  -1.82
199808 -13.08 -19.38 -14.45 -10.86 -17.64 -11.80 -14.30 -12.37   1.80 -21.45
199809   0.99   1.42   0.39  12.97  15.16   9.87   1.41  11.89   7.62   2.55
199810  10.76  11.36  11.11   1.25   6.34   6.60  10.52   3.82  -2.07   8.83
199811   6.19   4.57   3.42  -0.07  11.58   3.62   9.49   6.06   0.97   6.11
199812   0.28   4.19   2.16  -1.20  15.23  14.19   8.91   4.96   2.45   3.48
199901  -3.45   5.10   0.50  -5.53  15.08   8.62   2.33   0.18  -6.54   1.01
199902  -3.88  -4.56  -2.11  -3.73 -11.49  -2.97  -1.55   0.11  -4.18  -0.11
199903  -2.25  -0.87   4.57  15.37   8.49  -0.73   2.72   2.46  -2.10   2.29
199904   3.71  10.00   9.20  15.88   2.36   8.12   0.47  -5.57   6.84   6.66
199905   1.29  -5.66  -3.32  -3.55  -0.70   0.99  -2.93  -2.17   6.33  -3.64
199906   0.07   0.57   4.47  -1.51  11.70   5.78   7.86   4.40  -4.65   3.13
199907  -2.53  -6.21  -1.23   1.62  -1.81  -1.78  -5.06  -4.47  -0.93  -6.17
199908  -4.72   0.82  -0.50   1.41   5.43  -7.61  -6.03   3.60   0.18  -5.23
199909  -7.09  -7.80  -2.96  -3.91  -0.23   4.31   1.39  -7.19  -4.67  -4.52
199910   6.42   4.14   4.30  -1.61   3.25   9.42   3.30  10.74   1.84  11.28
199911  -1.40  -2.22  -1.19   3.29  12.84   4.26   4.12   1.38  -7.87  -2.36
199912  -2.77   2.77   9.64   0.64  20.74   4.12   6.41  -5.70  -2.77   1.28
200001  -4.83  -1.14  -8.04   0.88  -4.71  -4.17 -11.25   7.49   5.49  -4.74
200002  -6.31  -8.28  -4.39  -5.91  18.15  -3.65  -3.91  -3.00  -7.78  -7.12
200003   7.36  10.46   8.19  12.23   3.93   7.51  13.21   0.22   5.33  13.97
200004  -1.87   8.99   0.90  -2.01 -10.70  -8.04  -4.29   5.17   7.26  -3.53
200005   7.08 -13.48  -1.56   9.02 -10.86 -10.45  -2.75   3.78   3.44   3.30
200006   2.06  -9.55  -1.21  -5.20  13.02   4.10  -2.38  11.51  -5.16  -2.91
200007   0.73   4.23  -0.72  -2.64  -5.18  -7.56  -1.39  -6.22   4.18   5.42
200008  -1.98   4.26   6.73   8.47  12.54  -0.96  -2.51   3.41  11.20   8.93
200009   3.07  -4.15  -6.14   4.33 -14.99  -4.15   2.64   3.72   9.35   0.26
200010   7.57   1.49   4.49  -3.08  -7.28  -0.59  -1.54   2.54  -2.46  -1.15
200011   2.60 -11.51  -3.85  -3.37 -23.37 -15.51  -1.47   0.69   2.70  -6.10
200012   5.20   0.96   7.06   7.72  -7.97  -4.47   5.58   3.45   6.28   7.07
200101  -1.99  12.78  -0.22  -3.40  16.52  14.18   6.60  -9.00 -10.94  -0.05
200102   0.08  -1.57  -4.49  -0.32 -25.98  -9.90  -5.40  -0.60   5.76  -4.50
200103  -4.99  -3.12  -7.39  -0.34 -13.61  -5.72  -2.94  -8.49   1.38  -4.23
200104   0.88   8.04   8.38  10.29  17.98   2.29   5.57   3.92   5.30   5.70
200105   3.22  -2.62   2.68  -0.28  -3.35  -1.28   1.55   2.84  -0.46   3.60
200106  -1.95   3.45  -4.60  -7.75   1.46  -3.04  -2.55  -2.85  -6.45  -0.04
200107  -0.22   3.24   0.38  -2.58  -7.58  -0.89   4.57   2.23  -3.84  -2.40
200108   2.38 -11.95  -2.16  -4.00 -12.67  -9.24  -7.03  -3.29  -0.09  -5.44
200109  -2.93 -16.95 -12.84  -5.70 -18.96  -2.50  -9.66  -0.59  -6.63  -8.45
200110   1.03   0.65   3.74   4.75  15.67  -9.65   1.61   1.09   1.24  -0.69
200111   1.90  15.21   8.09  -4.56  15.90   6.09  10.06   4.93  -2.15   7.79
200112   1.71  -0.99   2.58   6.12  -0.61   2.63   4.45  -2.95   3.56   3.13
200201   1.87   2.81   1.54  -3.00  -0.56  -7.41   2.74  -2.44  -4.33  -3.05
200202   4.26   2.78   4.08   4.71 -13.22  -2.40  -0.13  -0.63  -0.71  -0.68
200203   3.39   6.86   4.88   7.77   6.41   0.26   1.97   0.42   9.78   5.34
200204   2.62   1.73  -1.58  -4.43 -11.77 -13.00  -1.40  -7.66  -0.73  -3.83
200205   1.33  -0.56  -0.55  -1.01  -3.82   3.01  -1.30  -2.39  -6.96  -0.51
200206  -6.11  -8.15  -3.19  -0.49 -12.23 -14.46  -5.15  -9.66  -5.65  -5.55
200207  -6.77 -12.41  -8.63 -11.96  -9.64 -12.03 -11.34  -2.66 -12.51  -6.52
200208   2.39   0.10  -1.48   0.03  -0.92   0.33   1.85   0.49   2.77   1.01
200209  -8.05 -11.17  -8.37  -8.19 -16.77  -9.37  -9.47  -5.93 -11.16 -10.89
200210   5.16  -3.48   3.72   3.23  19.40  20.91   5.66   5.56  -1.03   6.22
200211  -1.44  11.74   5.97   2.64  16.10  11.75   1.85   3.54   1.06   4.48
200212  -0.34  -7.42  -3.86   0.71 -13.06  -9.22  -7.02  -4.19   3.54  -5.18
200301  -4.84  -3.41  -4.19  -2.43  -1.47  -3.91  -4.80  -0.71  -3.46  -2.47
200302  -3.22  -5.40  -2.41   1.44   1.17  -6.46  -1.26  -2.07  -4.48  -2.80
200303  -3.10  -2.82   1.20   1.12  -1.00  -0.69   4.52   3.72   4.07   0.61
200304   4.63  14.93   6.24  -0.62   9.26  10.68   8.86   4.22   7.22  11.66
200305   9.11   2.52   4.38   8.39   9.73   6.16   3.36   3.72   9.57   5.16
200306   1.17   2.59   0.43  -1.26   0.23   1.88   3.38   4.04   0.38   0.75
200307  -2.40   6.42   4.81  -2.77   5.65  -2.03   3.29   0.52  -5.55   3.34
200308   0.55   7.55   3.97   5.78   6.00   1.32   6.71  -2.70   1.42   0.50
200309   0.70  -4.16  -3.84  -2.37  -0.91  -5.72  -4.57   0.17   3.66   0.16
200310   5.53   6.78   8.73   1.46   8.12   6.26   8.96   0.65   1.32   6.25
200311   3.60   2.81   1.86   0.14   1.85  -0.63   0.48   1.45   0.48   0.99
200312   2.97  12.11   6.65  13.54   2.07   7.25  -2.21   5.55   5.54   4.27
200401   0.08  -1.26  -0.73   0.43   4.49   1.09   0.42   3.01   1.65   2.57
200402   4.19  -0.37   1.78   4.24  -2.97  -0.82   6.03   0.73   1.61   1.86
200403  -0.67  -1.24  -0.33  -0.21  -2.56  -2.50   0.20  -4.01   0.92  -0.75
200404   1.45   2.23  -0.30   2.47  -4.91  -0.86  -2.74   3.53  -3.75  -3.99
200405  -2.29  -1.96   1.38  -0.03   4.78  -2.97   0.18  -0.56   0.87   1.91
200406   1.47   5.01   5.25   5.44   2.60   0.48   0.01  -0.48   1.73   1.31
200407  -5.88  -4.84  -4.13   3.22  -8.50  -1.60  -4.01  -5.92   0.80  -2.56
200408   0.72  -2.56   1.07  -1.61  -4.51   1.18  -1.27   1.45   3.23   1.78
200409  -2.18   2.34   1.81   8.84   3.26   1.27   2.55  -1.52   1.18   1.06
200410   2.80  -2.79  -1.49   0.60   5.02   3.01   3.05  -2.44   3.99   1.05
200411   4.33   6.89   6.95   6.21   4.32   3.40   3.47   0.45   4.49   4.81
200412   4.41   4.58   2.51  -2.12   3.15   4.14   3.30   5.57   2.15   4.24
200501  -0.12  -6.82  -1.88   3.01  -6.12  -4.26  -1.11  -4.13   1.60  -2.53
200502   0.46  -0.57   3.94  18.65  -0.28  -0.19   0.82   2.26   1.89  -0.01
200503  -1.27  -7.64  -1.58  -3.31  -2.45  -0.19  -0.12  -0.52   0.31  -2.60
200504  -1.07 -11.20  -4.86  -5.80  -4.55  -2.31  -5.37   3.92   1.89  -1.80
200505   2.16   8.32   2.66   1.79   7.64   1.41   6.29   1.23   1.35   3.26
200506  -2.01   1.66  -1.31   5.81  -1.61  -0.08   2.40  -0.67   5.26   1.21
200507   2.36   5.06   5.70   6.09   6.00   2.52   5.81   3.70   2.79   2.28
200508  -0.01  -3.00  -1.62   5.41  -0.67  -1.16  -5.68  -0.59   0.77  -1.88
200509  -0.19  -4.90   0.66   7.01   0.71  -1.65  -1.78  -1.96   4.17   1.07
200510  -1.88  -4.35  -2.53 -10.05  -1.65  -3.75   1.57  -3.33  -6.98   1.14
200511   0.80   1.94   5.03   1.09   6.45   2.38   3.86   1.29  -0.62   4.67
200512  -0.56  -0.99   1.34   0.68  -1.85  -1.75  -0.70   2.36   0.95   0.03
200601   0.13   5.98   4.94  12.69   3.76   3.07   1.93   2.09   2.90   1.38
200602   1.04  -0.51   0.95  -8.55  -1.35   3.23   1.40   0.83  -0.17   0.85
200603   0.76   2.63   2.85   4.17   2.94   1.80   2.28  -1.02  -3.95   1.71
200604   0.98   0.39   3.91   4.63  -1.09   0.75  -1.72  -2.02   1.66   2.08
200605   1.19   0.29  -3.54  -3.73  -6.90  -0.13  -2.07  -2.50   1.12  -3.40
200606  -0.55   1.77  -0.61   2.54  -1.22   2.73   0.20  -0.15   2.13  -0.46
200607   3.43  -3.24  -3.88   4.65  -3.93   1.88  -4.35   4.18   4.74  -1.22
200608   3.00   1.84   1.86  -3.86   7.07   2.19   1.94   1.98   1.90   1.39
200609  -0.76   4.18   1.79  -3.56   3.65   3.35   5.70   1.66  -2.36   3.22
200610   2.53   5.07   4.25   4.96   4.26   5.10   3.82   1.58   5.23   2.78
200611   1.23   1.66   3.35   8.26   2.92   0.62  -1.65  -0.19   2.60   1.46
200612   1.62  -1.14   0.39  -2.10  -1.03   4.24   1.31  -0.01   0.48   3.07
200701   1.30   2.65   3.11  -1.32   2.17   2.57   3.52   3.42   0.27   0.97
200702  -1.89  -0.64   0.59  -2.55  -2.59  -2.52  -0.68  -3.05   3.81  -2.58
200703   2.03  -1.19   1.46   5.95   0.86   2.21   0.57  -0.43   4.14  -0.37
200704   3.47   6.23   4.30   5.38   4.90   1.81   2.18   6.75   3.81   3.29
200705   2.74   3.21   4.65   6.85   3.77   6.60   2.33   0.83   0.82   3.11
200706  -1.29   2.04  -0.70   1.01   0.58  -1.86  -2.02  -3.47  -4.99  -2.82
200707  -4.32  -5.94  -0.20  -1.07  -1.27  -3.46  -5.42  -4.11  -3.91  -5.60
200708   1.72  -1.99   0.55   0.03   2.57  -0.83   1.24   2.04   1.49   0.67
200709   3.30   1.51   5.29   7.76   4.16   1.90  -0.75   3.51   3.34   2.45
200710   2.14   0.98   0.85   2.68   6.80  -2.63   1.02   1.36   6.60  -0.24
200711   0.85  -8.94  -2.81  -4.25  -7.51  -6.80  -4.00  -0.22  -1.11  -6.55
200712  -1.49  -2.21   0.70   7.57   1.38  -0.33  -2.83  -4.15   0.69  -3.87
200801  -5.00  -6.02  -7.54  -9.35 -12.33  -8.07  -0.48  -4.64  -7.04  -2.12
200802  -0.32  -6.14   0.57   6.83  -3.83  -3.86  -4.95  -1.22  -3.42  -8.54
200803   0.69  -4.30  -0.09  -2.84   0.69  -0.28   1.70  -1.87   0.65  -1.95
200804  -1.45   6.58   4.82  10.68   6.82   3.95   5.11   0.31   6.23   3.52
200805   3.58   1.48   3.13   4.07   5.28   4.73   0.91   1.27   3.15  -2.63
200806  -7.91 -19.45  -9.43   2.87  -9.01 -11.10  -8.21  -3.08  -0.82 -15.12
200807   1.85  -0.32  -0.35 -15.75  -0.83  -3.50   1.07   6.65  -7.37   4.15
200808   1.81   2.32   1.30  -0.44   2.22   4.00   5.19   1.49  -0.92   0.14
200809  -3.58  -9.32 -13.46 -12.50 -12.58 -12.78  -5.85  -6.02 -12.34  -7.08
200810 -12.25 -32.76 -20.92 -17.31 -18.26 -16.92 -15.20 -11.06 -11.23 -20.19
200811  -6.92 -11.68  -8.12  -0.82 -11.41  -1.91  -7.83  -7.72   0.54 -12.36
200812  -0.47   1.02   1.22  -3.19   2.23   3.22   4.69   6.57  -2.40   1.01
200901  -3.70 -12.56  -9.43  -3.12  -3.16 -11.03  -7.70  -2.25  -0.99 -18.49
200902  -7.70 -13.20 -13.86 -12.45  -5.17  -7.22  -3.26 -10.30 -13.22 -14.42
200903   5.46  12.62   7.37   3.70  11.24   5.43   9.71   6.93   2.42  12.71
200904   4.70  42.42  17.25   5.15  12.34   9.65   9.46  -1.10   1.92  16.26
200905   6.66  -2.98   5.09  10.26   2.97   1.44  -1.08   5.92   4.08   7.60
200906  -0.46   3.57  -1.87  -4.89   4.32   1.55  -0.50   3.44   4.28  -2.08
200907   7.36  18.30  11.22   5.21   8.23   4.71   6.68   5.39   4.16   8.86
200908   0.74   2.55   2.68   0.34   2.20   0.95   3.45   1.90  -0.37   7.93
200909   3.69   2.97   6.32   5.14   5.21   6.25   2.30   2.26   2.03   3.07
200910  -0.76  -0.28  -2.91   2.13  -1.43  -4.18  -0.04  -3.76  -2.91  -5.28
200911   3.56   9.29   7.26   2.81   4.81   6.24   4.91   7.90   3.94   5.55
200912   2.19   4.98   2.62  -0.61   5.85   6.10   1.77   2.29   5.55   1.08
201001  -2.40  -0.91  -3.43  -4.73  -7.86  -7.47  -1.90  -0.08  -4.66  -1.71
201002   2.61   7.13   4.95   1.95   4.58   2.81   4.17   0.11  -0.99   3.22
201003   5.38   9.19   6.39   3.12   6.64   7.78   6.01   3.44   2.79   8.32
201004  -1.00   7.17   3.08   3.58   2.13   3.21   2.50  -2.30   2.68   2.11
201005  -5.78  -8.82  -8.52 -11.13  -7.84  -6.01  -5.54  -8.29  -6.81  -8.94
201006  -2.55 -10.39  -5.89  -6.46  -6.19  -4.39  -9.13  -1.79  -1.08  -7.79
201007   7.28  14.99   9.42   7.63   7.47   9.06   4.55   2.06   6.60   7.42
201008  -1.34  -9.62  -5.73  -3.79  -6.62  -2.32  -4.22  -1.97  -0.16  -7.67
201009   5.58  13.54   9.98   9.59  12.40   7.74  12.02   8.82   3.35   8.68
201010   3.70   8.37   4.97   4.29   6.34   4.21   2.35   1.92   1.69   2.55
201011  -0.18   7.14   1.25   5.23  -0.98  -1.95   4.01  -3.62  -1.84   0.31
201012   3.81   8.42   6.84   9.31   5.98   6.51   3.03   5.26   2.92   9.52
201101  -2.41   0.46   2.70   6.92   3.91  -0.51  -0.95  -0.84   2.13   1.91
201102   4.76  -1.54   3.23   7.28   2.17   7.47   2.14   3.03   1.93   2.51
201103   2.50   1.70   1.72   1.86  -1.62   1.71   0.90   2.13   0.52  -0.98
201104   4.52   2.20   2.85   1.28   3.10   2.88   4.46   6.30   3.82   1.03
201105   1.84  -3.68  -2.34  -4.93  -1.86   0.70   0.61   1.69   0.83  -2.52
201106  -1.53  -1.27  -0.72  -2.54  -2.37  -1.31  -1.02  -1.99  -0.66  -2.21
201107  -0.50  -8.93  -4.83   0.43  -0.38  -5.53  -0.74  -3.72  -0.55  -3.83
201108  -0.85 -12.11  -6.31 -10.44  -7.07  -5.52  -3.14  -3.40  -0.37  -7.73
201109  -5.35 -14.17 -11.16 -12.51  -4.90  -6.08  -3.96  -4.08  -1.89 -10.43
201110   6.38  23.17  13.90  16.35  11.86   7.10   9.69   5.40   6.56  13.20
201111   1.10  -8.13   1.14   1.28  -2.19  -0.15   0.92   0.95   0.45  -1.82
201112   1.50  -1.36  -0.93  -0.64  -1.50   2.89   0.67   3.39   2.65   0.90
201201   0.39  13.39   6.58   1.38   8.13   1.79   3.97   3.26  -2.79   6.67
201202   3.80   5.87   3.61   6.13   6.53   4.93   3.05   0.85   0.66   3.70
201203   3.44   0.88   0.49  -3.31   4.64   2.40   4.41   3.83   1.14   4.57
201204   0.76  -7.08  -0.82  -1.73  -2.15   1.09   0.91   0.50   1.65  -1.77
201205  -2.82  -8.31  -8.02 -11.20  -8.04  -1.13  -3.35  -3.59  -1.50  -7.35
201206   2.72  -5.56   1.07   5.79   2.81   6.90   2.03   6.66   3.10   4.59
201207   1.30   0.28   0.69   2.62  -0.57   3.61   1.19   1.54   3.64  -1.09
201208   0.11   3.86   3.07   2.00   4.28   1.02   2.42   0.68  -3.95   2.62
201209   0.35   3.52   1.49   3.52   1.50   4.68   1.88   4.58   1.91   3.65
201210  -1.77   5.73  -0.87  -1.90  -6.36  -2.79  -1.10  -2.06   0.95   0.54
201211   3.05   3.03   2.34  -1.94   1.60  -0.02   1.23   1.20  -4.26  -0.33
201212  -2.88   7.05   2.56   1.21   0.08   0.79  -1.59  -0.76  -0.17   3.09
201301   5.05   3.37   5.91   7.65   2.50   4.53   5.50   7.88   4.90   6.81
201302   3.04  -0.08   1.06  -0.10   0.29   2.16   0.71   1.19   1.66   1.63
201303   4.58   3.94   2.48   2.01   2.58   5.65   4.52   6.38   5.35   3.92
201304   3.76   3.55   0.68  -1.37   0.48   3.78   2.58   2.51   4.95   0.75
201305  -2.37   9.60   3.16   2.46   4.11  -1.92   2.00   1.37  -7.44   5.90
201306  -0.41  -0.51  -2.15  -2.43  -2.91   2.09  -0.17  -1.47   0.45  -1.32
201307   2.86   8.82   5.75   4.95   5.89   3.34   5.84   7.67   4.46   5.35
201308  -4.00  -1.20  -2.11  -2.31  -0.30  -3.36  -4.44  -3.95  -4.88  -3.79
201309   1.44   6.39   5.19   1.85   3.84   3.92   4.41   3.91   0.71   3.64
201310   4.65   0.73   4.32   4.70   3.89   5.21   5.01   3.72   3.15   3.68
201311   1.11   1.88   2.69   0.52   3.25   0.43   3.51   4.28  -2.21   4.41
201312   2.01   0.97   2.93   2.91   4.16   3.47   0.11   0.51   1.46   2.92
201401  -5.77  -3.79  -4.37  -7.06  -1.20  -4.35  -6.52   1.58   2.32  -4.52
201402   3.38   7.81   5.13   5.23   5.02   2.72   5.19   6.24   2.59   3.26
201403   2.76  -1.16   0.21   2.36  -0.91  -0.09  -0.75  -2.64   2.41   2.20
201404   1.33   0.10   0.74   5.64  -1.25  -0.10  -1.01  -0.41   3.85  -1.67
201405   3.35   0.53   1.04   0.40   3.21   3.91   0.73   1.66  -0.49   1.61
201406   0.70   4.23   1.20   4.09   2.91   1.47   1.18   2.77   5.16   1.97
201407  -4.40  -4.79  -4.30  -3.68   0.27   0.15  -2.38  -0.49  -6.65  -2.26
201408   5.45   5.10   4.56   1.87   4.04   0.44   4.94   5.29   4.97   4.26
201409  -0.54  -9.58  -2.50  -8.06  -1.36  -1.82  -1.52  -0.17  -3.68  -1.15
201410   2.55   3.67   2.21  -4.53   1.28   1.09   2.96   5.68   6.51   3.23
201411   4.59   4.64   2.02 -10.32   3.96   2.96   7.31   2.47  -0.11   2.56
201412  -2.73   0.30  -0.32   0.33  -1.32  -1.94   1.44  -0.99   1.58   0.96
201501  -0.72  -4.38  -3.98  -4.39  -3.34  -5.27  -0.37   1.51   1.08  -6.26
201502   4.95   7.95   6.00   4.24   8.05   9.05   5.26   4.12  -4.87   6.68
201503  -2.90  -0.56  -2.16  -2.76  -2.53  -2.38   0.52   0.75  -0.54  -0.89
201504   0.74  -1.11  -0.77   6.95   1.32   3.07  -2.25  -1.47   0.18   0.41
201505   1.44   0.90   0.75  -5.61   1.83   0.74   0.74   4.67  -0.99   1.58
201506  -1.80  -1.68  -2.03  -3.93  -3.57  -0.60  -0.70  -0.02  -5.66  -0.48
201507   4.73  -2.37  -2.26  -9.10   2.35   0.95   4.72   3.59   2.42   1.94
201508  -4.25  -6.24  -5.80  -4.18  -6.08  -8.46  -5.53  -8.52  -4.48  -6.33
201509  -1.13  -3.46  -4.38  -5.93  -1.50  -2.72  -1.91  -7.43  -0.87  -3.23
201510   6.56   6.63   9.14  12.22   9.99   8.38   4.41   7.67   1.86   6.43
201511  -1.17   1.83   0.25   0.55   0.95  -1.97   0.72   0.52  -3.94   1.04
201512   0.41  -4.42  -2.87  -9.80  -2.52  -3.17   0.14   0.24  -2.68  -2.86
201601   0.04 -13.70  -5.77  -4.67  -6.26  -0.82  -4.25  -9.46   4.52  -8.31
201602   0.50   3.91   3.21  -3.56  -1.21   1.14  -0.11  -1.29   1.21  -0.31
201603   4.49  10.50   6.63  10.81   8.31   5.91   5.53   2.77   7.57   6.91
201604   0.24   1.23   2.12   9.08  -4.09   0.17  -0.67   3.50  -0.88   2.25
201605   0.60  -1.26  -0.95  -1.51   4.83   0.24   0.80   2.25   1.78   0.76
201606   4.20  -5.93   0.68   2.59  -1.95   3.08   0.73   0.01   7.04  -2.87
201607  -0.11   8.40   3.91  -2.83   7.75   1.73   3.41   5.91  -0.29   3.44
201608  -0.79   0.16   1.27   0.85   1.64  -3.61  -1.67  -3.42  -4.39   3.17
201609  -2.88  -1.88  -0.35   2.85   2.35   0.49  -0.73   0.23   1.49  -1.37
201610  -0.21  -3.81  -2.82  -2.97  -1.20  -3.32  -4.05  -7.51  -0.70   0.53
201611  -4.07   7.47   5.83   9.00   0.33   6.20   4.26   1.15  -3.32  11.08
201612   3.23   3.52   0.36   2.11   0.81   4.49  -0.54   0.73   3.35   2.79
201701   1.57   2.50   3.29  -4.34   4.65   2.95   0.92   2.12   1.00   0.91
201702   3.66   0.58   3.88  -2.93   4.75  -0.10   2.68   6.85   3.58   3.54
201703   0.39  -0.20   0.00  -1.26   2.13   0.76   0.63  -0.27   0.00  -1.81
201704   0.45   1.50   1.72  -2.85   2.73  -0.57   2.62   1.01   0.27   0.16
201705   2.89  -0.66   1.09  -4.05   4.07  -1.96   1.28  -0.67   2.10  -0.60
201706  -1.36   3.30   1.14  -0.29  -2.15  -2.37  -1.99   5.47  -2.13   4.05
201707  -0.19  -1.30   1.99   1.45   3.73   4.79  -0.01   0.43   2.88   1.37
201708  -1.92  -0.29  -0.11  -5.72   2.85  -2.59  -1.91   1.57   1.74  -0.59
201709  -0.70   5.09   4.12  11.06   0.54  -1.72   2.45   1.39  -2.23   4.19
201710   0.03   1.03   2.68   0.24   6.81  -6.22   2.62  -2.31   3.01   1.96
201711   3.77  -0.73   3.28   2.38   0.86   3.68   7.81   2.14   1.95   3.54
201712   1.74  -1.14   2.17   5.00  -0.26   4.47   2.34  -0.34  -5.25   1.30
201801   1.85   2.21   4.09   2.81   7.53   2.70   9.33   6.30  -2.91   5.83
201802  -6.26  -6.15  -4.16 -11.39  -0.20  -7.33  -4.85  -4.12  -4.95  -3.48
201803  -1.65  -5.81  -2.27   2.90  -3.34  -2.59  -2.69  -2.11   2.87  -2.81
201804  -4.03  -0.33  -3.49  10.10  -0.18  -2.95   3.83  -0.38   2.65   0.37
201805  -0.73   2.78   2.33   2.96   6.74  -0.94   0.65   2.19  -0.25   1.01
201806   4.08   0.59  -1.07   0.49  -0.38   6.05   2.96   1.43   2.32  -1.14
201807   2.74  -1.61   5.03   1.01   2.22   2.05   3.09   5.97   1.63   3.92
201808  -1.21  -0.68  -0.49  -3.34   7.16   2.88   7.82   4.25   0.45   2.27
201809   0.17  -3.86   1.29   3.38  -0.31   1.71   0.55   1.89  -0.84  -1.36
201810  -0.30  -3.42 -10.14 -12.10  -8.83  -1.04  -8.76  -8.92  -0.17  -6.67
201811   0.17   5.08   4.36  -2.94  -1.79   2.47   2.27   6.07   2.81   2.85
201812 -11.65 -11.82  -8.81 -13.24  -8.35  -9.05  -9.15  -8.52  -5.04 -10.75
201901   7.24  10.23   9.60  10.43   9.52   5.20   8.13   4.83   5.26   9.05
201902   1.25   3.74   5.01   1.83   5.39   3.31   0.72   2.89   3.14   2.57
201903   3.16  -5.43  -0.90   1.88   3.67   0.25   3.23   0.51   3.06  -1.41
201904   3.13   3.34   3.90   0.15   5.99   5.78   4.54  -3.15   0.88   6.52
201905  -5.66 -12.20  -9.42 -12.52  -8.69  -3.08  -6.28  -3.69  -1.96  -6.41
201906   4.37  12.59   8.07   8.74   7.82   5.01   7.09   7.16   3.40   6.57
201907   1.70   0.95   0.66  -2.72   3.56   1.21   0.85  -1.92  -1.03   1.46
201908  -1.41  -4.39  -2.15  -9.51  -2.93   0.40  -0.07  -0.67   3.10  -4.58
201909   1.29   3.04   3.92   3.59   1.09   1.27   0.78  -0.65   3.63   1.83
201910  -0.07   6.93  -0.03  -2.12   3.30   1.69   0.63   4.37  -1.49   2.85
201911   1.96   2.66   3.09   0.48   4.95   1.72   2.08   5.09  -2.50   4.77
201912   3.09   4.72   1.27   6.21   3.68   1.12   1.23   3.21   3.64   2.23
202001  -0.45   5.73  -3.19 -12.00   3.19  -2.61   0.82  -1.97   4.82  -1.47
202002  -8.77  -7.46  -8.84 -16.18  -7.19  -5.95  -6.93  -5.79 -10.31  -9.96
202003 -12.05 -22.90 -17.02 -34.74 -10.00 -13.52  -7.83  -5.43 -13.26 -19.09
202004   7.94  25.66  10.85  32.29  15.22   9.04  17.95  12.88   4.84  10.31



